  7.3136046E-15  1.1940654E-06  6.3413764E+04  4.2275843E+04  9.5596240E+03  1.6591403E+03  3.1317146-317  3.1317146-317  8.0617085E+06
  1.4627209E-14  2.3881308E-06  6.3413764E+04  4.2275843E+04  9.5596240E+03  1.6591403E+03  2.9498571E-04  3.1317146-317  8.0617085E+06
  2.1940812E-14  3.5821960E-06  6.3413764E+04  4.2275843E+04  9.5596240E+03  1.6591403E+03  5.8997274E-04  3.1317146-317  8.0617085E+06
  5.4102894E-14  8.8331812E-06  6.3413764E+04  4.2275843E+04  9.5596241E+03  1.6591403E+03  8.8496097E-04  3.1317146-317  8.0617085E+06
  8.6264976E-14  1.4084166E-05  6.3413764E+04  4.2275842E+04  9.5596241E+03  1.6591403E+03  2.1822209E-03  3.1317146-317  8.0617085E+06
  1.1842705E-13  1.9335151E-05  6.3413765E+04  4.2275842E+04  9.5596242E+03  1.6591403E+03  3.4795056E-03  3.1317146-317  8.0617085E+06
  1.5058913E-13  2.4586136E-05  6.3413765E+04  4.2275842E+04  9.5596242E+03  1.6591403E+03  4.7768141E-03  3.1317146-317  8.0617085E+06
  2.6294898E-13  4.2930717E-05  6.3413765E+04  4.2275842E+04  9.5596243E+03  1.6591403E+03  6.0741467E-03  3.1317146-317  8.0617085E+06
  3.7530882E-13  6.1275295E-05  6.3413765E+04  4.2275841E+04  9.5596244E+03  1.6591403E+03  1.0606793E-02  3.1317146-317  8.0617085E+06
  4.8766865E-13  7.9619874E-05  6.3413765E+04  4.2275840E+04  9.5596246E+03  1.6591403E+03  1.5139735E-02  3.1317146-317  8.0617085E+06
  6.0002849E-13  9.7964452E-05  6.3413766E+04  4.2275839E+04  9.5596248E+03  1.6591403E+03  1.9672969E-02  3.1317146-317  8.0617086E+06
  8.7988670E-13  1.4365588E-04  6.3413766E+04  4.2275838E+04  9.5596249E+03  1.6591403E+03  2.4206492E-02  3.1317146-317  8.0617086E+06
  1.1597449E-12  1.8934729E-04  6.3413767E+04  4.2275836E+04  9.5596254E+03  1.6591403E+03  3.5500416E-02  3.1317146-317  8.0617086E+06
  1.4396030E-12  2.3503871E-04  6.3413768E+04  4.2275834E+04  9.5596258E+03  1.6591403E+03  4.6796148E-02  3.1317146-317  8.0617086E+06
  1.7194613E-12  2.8073014E-04  6.3413769E+04  4.2275832E+04  9.5596262E+03  1.6591403E+03  5.8093673E-02  3.1317146-317  8.0617087E+06
  1.9993194E-12  3.2642155E-04  6.3413770E+04  4.2275829E+04  9.5596267E+03  1.6591403E+03  6.9392983E-02  3.1317146-317  8.0617087E+06
  2.5474033E-12  4.1590520E-04  6.3413771E+04  4.2275827E+04  9.5596271E+03  1.6591403E+03  8.0694062E-02  3.1317146-317  8.0617087E+06
  3.0954870E-12  5.0538882E-04  6.3413772E+04  4.2275823E+04  9.5596280E+03  1.6591403E+03  1.0283451E-01  3.1317146-317  8.0617088E+06
  3.6435709E-12  5.9487247E-04  6.3413774E+04  4.2275819E+04  9.5596288E+03  1.6591403E+03  1.2498177E-01  3.1317146-317  8.0617088E+06
  4.1916548E-12  6.8435612E-04  6.3413776E+04  4.2275815E+04  9.5596297E+03  1.6591403E+03  1.4713582E-01  3.1317146-317  8.0617089E+06
  4.7397387E-12  7.7383976E-04  6.3413777E+04  4.2275810E+04  9.5596305E+03  1.6591403E+03  1.6929663E-01  3.1317146-317  8.0617089E+06
  5.2878222E-12  8.6332334E-04  6.3413779E+04  4.2275806E+04  9.5596314E+03  1.6591403E+03  1.9146417E-01  3.1317146-317  8.0617090E+06
  6.1990093E-12  1.0120895E-03  6.3413781E+04  4.2275802E+04  9.5596323E+03  1.6591403E+03  2.1363839E-01  3.1317146-317  8.0617091E+06
  7.1101960E-12  1.1608556E-03  6.3413784E+04  4.2275795E+04  9.5596337E+03  1.6591403E+03  2.5052455E-01  3.1317146-317  8.0617092E+06
  8.0213832E-12  1.3096218E-03  6.3413787E+04  4.2275788E+04  9.5596352E+03  1.6591403E+03  2.8742922E-01  3.1317146-317  8.0617093E+06
  8.9325695E-12  1.4583879E-03  6.3413789E+04  4.2275780E+04  9.5596366E+03  1.6591403E+03  3.2435234E-01  3.1317146-317  8.0617094E+06
  9.8437567E-12  1.6071541E-03  6.3413792E+04  4.2275773E+04  9.5596381E+03  1.6591403E+03  3.6129380E-01  3.1317146-317  8.0617095E+06
  1.0754944E-11  1.7559203E-03  6.3413795E+04  4.2275766E+04  9.5596395E+03  1.6591403E+03  3.9825359E-01  3.1317146-317  8.0617096E+06
  1.1666131E-11  1.9046865E-03  6.3413798E+04  4.2275759E+04  9.5596410E+03  1.6591403E+03  4.3523163E-01  3.1317146-317  8.0617097E+06
  1.2940790E-11  2.1127954E-03  6.3413801E+04  4.2275752E+04  9.5596425E+03  1.6591403E+03  4.7222786E-01  3.1317146-317  8.0617098E+06
  1.4215450E-11  2.3209044E-03  6.3413805E+04  4.2275742E+04  9.5596446E+03  1.6591403E+03  5.2402204E-01  3.1317146-317  8.0617099E+06
  1.5490110E-11  2.5290135E-03  6.3413809E+04  4.2275732E+04  9.5596467E+03  1.6591403E+03  5.7585169E-01  3.1317146-317  8.0617100E+06
  1.6764769E-11  2.7371224E-03  6.3413813E+04  4.2275722E+04  9.5596488E+03  1.6591403E+03  6.2771664E-01  3.1317146-317  8.0617102E+06
  1.8039430E-11  2.9452316E-03  6.3413817E+04  4.2275713E+04  9.5596509E+03  1.6591403E+03  6.7961672E-01  3.1317146-317  8.0617103E+06
  1.9314089E-11  3.1533405E-03  6.3413821E+04  4.2275703E+04  9.5596530E+03  1.6591403E+03  7.3155192E-01  3.1317146-317  8.0617104E+06
  2.0588748E-11  3.3614494E-03  6.3413825E+04  4.2275693E+04  9.5596552E+03  1.6591403E+03  7.8352197E-01  3.1317146-317  8.0617106E+06
  2.1989660E-11  3.5901712E-03  6.3413829E+04  4.2275683E+04  9.5596573E+03  1.6591403E+03  8.3552684E-01  3.1317146-317  8.0617107E+06
  2.3390574E-11  3.8188932E-03  6.3413834E+04  4.2275672E+04  9.5596597E+03  1.6591403E+03  8.9272653E-01  3.1317146-317  8.0617109E+06
  2.4791485E-11  4.0476150E-03  6.3413838E+04  4.2275661E+04  9.5596621E+03  1.6591403E+03  9.4996807E-01  3.1317146-317  8.0617110E+06
  2.6192397E-11  4.2763367E-03  6.3413843E+04  4.2275650E+04  9.5596645E+03  1.6591403E+03  1.0072512E+00  3.1317146-317  8.0617112E+06
  2.7593309E-11  4.5050585E-03  6.3413847E+04  4.2275640E+04  9.5596669E+03  1.6591403E+03  1.0645758E+00  3.1317146-317  8.0617113E+06
  2.8994221E-11  4.7337802E-03  6.3413852E+04  4.2275629E+04  9.5596693E+03  1.6591403E+03  1.1219418E+00  3.1317146-317  8.0617115E+06
  3.0395135E-11  4.9625023E-03  6.3413856E+04  4.2275618E+04  9.5596718E+03  1.6591403E+03  1.1793490E+00  3.1317146-317  8.0617116E+06
  3.2053601E-11  5.2332740E-03  6.3413861E+04  4.2275607E+04  9.5596743E+03  1.6591403E+03  1.2367974E+00  3.1317146-317  8.0617118E+06
  3.3712071E-11  5.5040462E-03  6.3413866E+04  4.2275594E+04  9.5596772E+03  1.6591403E+03  1.3048697E+00  3.1317146-317  8.0617120E+06
  3.5370537E-11  5.7748179E-03  6.3413871E+04  4.2275582E+04  9.5596802E+03  1.6591403E+03  1.3729993E+00  3.1317146-317  8.0617122E+06
  3.7029006E-11  6.0455901E-03  6.3413877E+04  4.2275569E+04  9.5596832E+03  1.6591403E+03  1.4411857E+00  3.1317146-317  8.0617123E+06
  3.8687476E-11  6.3163624E-03  6.3413882E+04  4.2275556E+04  9.5596862E+03  1.6591403E+03  1.5094292E+00  3.1317146-317  8.0617125E+06
  4.0345942E-11  6.5871341E-03  6.3413887E+04  4.2275543E+04  9.5596892E+03  1.6591403E+03  1.5777292E+00  3.1317146-317  8.0617127E+06
  4.2004412E-11  6.8579063E-03  6.3413893E+04  4.2275530E+04  9.5596922E+03  1.6591403E+03  1.6460855E+00  3.1317146-317  8.0617129E+06
  4.3957530E-11  7.1767848E-03  6.3413898E+04  4.2275518E+04  9.5596953E+03  1.6591403E+03  1.7144982E+00  3.1317146-317  8.0617131E+06
  4.5910648E-11  7.4956633E-03  6.3413904E+04  4.2275503E+04  9.5596990E+03  1.6591403E+03  1.7951494E+00  3.1317146-317  8.0617133E+06
  4.7863767E-11  7.8145418E-03  6.3413911E+04  4.2275487E+04  9.5597026E+03  1.6591403E+03  1.8758779E+00  3.1317146-317  8.0617135E+06
  4.9816882E-11  8.1334197E-03  6.3413917E+04  4.2275472E+04  9.5597063E+03  1.6591403E+03  1.9566834E+00  3.1317146-317  8.0617137E+06
  5.1770000E-11  8.4522982E-03  6.3413924E+04  4.2275457E+04  9.5597101E+03  1.6591403E+03  2.0375656E+00  3.1317146-317  8.0617139E+06
  5.3723119E-11  8.7711767E-03  6.3413930E+04  4.2275442E+04  9.5597139E+03  1.6591403E+03  2.1185245E+00  3.1317146-317  8.0617142E+06
  5.5676237E-11  9.0900551E-03  6.3413936E+04  4.2275427E+04  9.5597177E+03  1.6591403E+03  2.1995595E+00  3.1317146-317  8.0617144E+06
  5.7962810E-11  9.4633756E-03  6.3413943E+04  4.2275412E+04  9.5597215E+03  1.6591403E+03  2.2806704E+00  3.1317146-317  8.0617146E+06
  6.0249384E-11  9.8366961E-03  6.3413950E+04  4.2275395E+04  9.5597260E+03  1.6591403E+03  2.3757412E+00  3.1317146-317  8.0617148E+06
  6.2535954E-11  1.0210016E-02  6.3413958E+04  4.2275377E+04  9.5597306E+03  1.6591403E+03  2.4709151E+00  3.1317146-317  8.0617151E+06
  6.4822531E-11  1.0583337E-02  6.3413965E+04  4.2275360E+04  9.5597352E+03  1.6591403E+03  2.5661916E+00  3.1317146-317  8.0617154E+06
  6.7109101E-11  1.0956657E-02  6.3413973E+04  4.2275342E+04  9.5597399E+03  1.6591403E+03  2.6615706E+00  3.1317146-317  8.0617156E+06
  6.9395678E-11  1.1329978E-02  6.3413980E+04  4.2275325E+04  9.5597446E+03  1.6591403E+03  2.7570511E+00  3.1317146-317  8.0617159E+06
  7.1682248E-11  1.1703298E-02  6.3413988E+04  4.2275307E+04  9.5597494E+03  1.6591403E+03  2.8526333E+00  3.1317146-317  8.0617161E+06
  7.4390159E-11  1.2145409E-02  6.3413996E+04  4.2275290E+04  9.5597542E+03  1.6591403E+03  2.9483163E+00  3.1317146-317  8.0617164E+06
  7.7098071E-11  1.2587519E-02  6.3414005E+04  4.2275269E+04  9.5597599E+03  1.6591403E+03  3.0617836E+00  3.1317146-317  8.0617167E+06
  7.9805982E-11  1.3029630E-02  6.3414014E+04  4.2275248E+04  9.5597657E+03  1.6591403E+03  3.1753911E+00  3.1317146-317  8.0617170E+06
  8.2513900E-11  1.3471742E-02  6.3414023E+04  4.2275228E+04  9.5597716E+03  1.6591403E+03  3.2891383E+00  3.1317146-317  8.0617173E+06
  8.5221811E-11  1.3913853E-02  6.3414032E+04  4.2275207E+04  9.5597776E+03  1.6591403E+03  3.4030246E+00  3.1317146-317  8.0617176E+06
  8.7929723E-11  1.4355964E-02  6.3414041E+04  4.2275186E+04  9.5597836E+03  1.6591403E+03  3.5170490E+00  3.1317146-317  8.0617179E+06
  9.0637634E-11  1.4798074E-02  6.3414050E+04  4.2275166E+04  9.5597897E+03  1.6591403E+03  3.6312111E+00  3.1317146-317  8.0617183E+06
  9.3877494E-11  1.5327034E-02  6.3414059E+04  4.2275145E+04  9.5597958E+03  1.6591403E+03  3.7455103E+00  3.1317146-317  8.0617186E+06
  9.7117360E-11  1.5855995E-02  6.3414070E+04  4.2275120E+04  9.5598033E+03  1.6591403E+03  3.8824757E+00  3.1317146-317  8.0617189E+06
  1.0035723E-10  1.6384957E-02  6.3414081E+04  4.2275096E+04  9.5598108E+03  1.6591403E+03  4.0196354E+00  3.1317146-317  8.0617193E+06
  1.0359709E-10  1.6913918E-02  6.3414092E+04  4.2275071E+04  9.5598185E+03  1.6591403E+03  4.1569883E+00  3.1317146-317  8.0617197E+06
  1.0683696E-10  1.7442879E-02  6.3414103E+04  4.2275047E+04  9.5598262E+03  1.6591403E+03  4.2945334E+00  3.1317146-317  8.0617201E+06
  1.1007683E-10  1.7971840E-02  6.3414114E+04  4.2275022E+04  9.5598341E+03  1.6591403E+03  4.4322696E+00  3.1317146-317  8.0617204E+06
  1.1331669E-10  1.8500800E-02  6.3414126E+04  4.2274997E+04  9.5598420E+03  1.6591403E+03  4.5701960E+00  3.1317146-317  8.0617208E+06
  1.1723797E-10  1.9141014E-02  6.3414137E+04  4.2274973E+04  9.5598501E+03  1.6591403E+03  4.7083116E+00  3.1317146-317  8.0617212E+06
  1.2115925E-10  1.9781227E-02  6.3414150E+04  4.2274943E+04  9.5598600E+03  1.6591403E+03  4.8757616E+00  3.1317146-317  8.0617217E+06
  1.2508053E-10  2.0421440E-02  6.3414164E+04  4.2274914E+04  9.5598700E+03  1.6591403E+03  5.0434856E+00  3.1317146-317  8.0617221E+06
  1.2900180E-10  2.1061651E-02  6.3414177E+04  4.2274884E+04  9.5598802E+03  1.6591403E+03  5.2114824E+00  3.1317146-317  8.0617226E+06
  1.3292308E-10  2.1701864E-02  6.3414191E+04  4.2274854E+04  9.5598905E+03  1.6591403E+03  5.3797498E+00  3.1317146-317  8.0617231E+06
  1.3684436E-10  2.2342077E-02  6.3414205E+04  4.2274825E+04  9.5599010E+03  1.6591403E+03  5.5482877E+00  3.1317146-317  8.0617235E+06
  1.4076564E-10  2.2982290E-02  6.3414219E+04  4.2274795E+04  9.5599117E+03  1.6591403E+03  5.7170941E+00  3.1317146-317  8.0617240E+06
  1.4557518E-10  2.3767527E-02  6.3414232E+04  4.2274766E+04  9.5599225E+03  1.6591403E+03  5.8861677E+00  3.1317146-317  8.0617245E+06
  1.5038473E-10  2.4552763E-02  6.3414249E+04  4.2274729E+04  9.5599360E+03  1.6591403E+03  6.0939470E+00  3.1317146-317  8.0617250E+06
  1.5519427E-10  2.5338000E-02  6.3414266E+04  4.2274693E+04  9.5599497E+03  1.6591403E+03  6.3021240E+00  3.1317146-317  8.0617256E+06
  1.6000380E-10  2.6123234E-02  6.3414283E+04  4.2274657E+04  9.5599636E+03  1.6591403E+03  6.5106963E+00  3.1317146-317  8.0617262E+06
  1.6481334E-10  2.6908470E-02  6.3414300E+04  4.2274621E+04  9.5599778E+03  1.6591403E+03  6.7196611E+00  3.1317146-317  8.0617268E+06
  1.6962289E-10  2.7693707E-02  6.3414318E+04  4.2274585E+04  9.5599922E+03  1.6591403E+03  6.9290173E+00  3.1317146-317  8.0617274E+06
  1.7443243E-10  2.8478943E-02  6.3414335E+04  4.2274549E+04  9.5600069E+03  1.6591403E+03  7.1387622E+00  3.1317146-317  8.0617280E+06
  1.8038282E-10  2.9450442E-02  6.3414352E+04  4.2274513E+04  9.5600218E+03  1.6591403E+03  7.3488937E+00  3.1317146-317  8.0617286E+06
  1.8633323E-10  3.0421944E-02  6.3414374E+04  4.2274469E+04  9.5600407E+03  1.6591403E+03  7.6094606E+00  3.1317146-317  8.0617293E+06
  1.9228364E-10  3.1393445E-02  6.3414395E+04  4.2274425E+04  9.5600599E+03  1.6591403E+03  7.8706133E+00  3.1317146-317  8.0617300E+06
  1.9823405E-10  3.2364947E-02  6.3414417E+04  4.2274380E+04  9.5600795E+03  1.6591403E+03  8.1323474E+00  3.1317146-317  8.0617308E+06
  2.0418446E-10  3.3336448E-02  6.3414439E+04  4.2274336E+04  9.5600994E+03  1.6591403E+03  8.3946596E+00  3.1317146-317  8.0617315E+06
  2.1013487E-10  3.4307949E-02  6.3414461E+04  4.2274292E+04  9.5601198E+03  1.6591403E+03  8.6575464E+00  3.1317146-317  8.0617323E+06
  2.1608526E-10  3.5279449E-02  6.3414483E+04  4.2274248E+04  9.5601405E+03  1.6591403E+03  8.9210046E+00  3.1317146-317  8.0617330E+06
  2.2328180E-10  3.6454402E-02  6.3414505E+04  4.2274204E+04  9.5601617E+03  1.6591403E+03  9.1850304E+00  3.1317146-317  8.0617338E+06
  2.3047835E-10  3.7629355E-02  6.3414532E+04  4.2274151E+04  9.5601878E+03  1.6591403E+03  9.5051709E+00  3.1317146-317  8.0617347E+06
  2.3767491E-10  3.8804311E-02  6.3414559E+04  4.2274098E+04  9.5602145E+03  1.6591403E+03  9.8261332E+00  3.1317146-317  8.0617356E+06
  2.4487145E-10  3.9979264E-02  6.3414586E+04  4.2274045E+04  9.5602418E+03  1.6591403E+03  1.0147913E+01  3.1317146-317  8.0617365E+06
  2.5206799E-10  4.1154217E-02  6.3414613E+04  4.2273992E+04  9.5602697E+03  1.6591403E+03  1.0470504E+01  3.1317146-317  8.0617375E+06
  2.5926454E-10  4.2329171E-02  6.3414641E+04  4.2273939E+04  9.5602982E+03  1.6591403E+03  1.0793902E+01  3.1317146-317  8.0617384E+06
  2.6646108E-10  4.3504124E-02  6.3414668E+04  4.2273886E+04  9.5603272E+03  1.6591403E+03  1.1118023E+01  3.1317146-317  8.0617393E+06
  2.7522483E-10  4.4934949E-02  6.3414696E+04  4.2273833E+04  9.5603568E+03  1.6591403E+03  1.1442946E+01  3.1317146-317  8.0617403E+06
  2.8398861E-10  4.6365779E-02  6.3414730E+04  4.2273769E+04  9.5603937E+03  1.6591403E+03  1.1839768E+01  3.1317146-317  8.0617414E+06
  2.9275238E-10  4.7796608E-02  6.3414764E+04  4.2273705E+04  9.5604316E+03  1.6591403E+03  1.2237764E+01  3.1317146-317  8.0617426E+06
  3.0151613E-10  4.9227434E-02  6.3414798E+04  4.2273642E+04  9.5604703E+03  1.6591403E+03  1.2636926E+01  3.1317146-317  8.0617438E+06
  3.1027991E-10  5.0658263E-02  6.3414832E+04  4.2273578E+04  9.5605099E+03  1.6591403E+03  1.3037246E+01  3.1317146-317  8.0617449E+06
  3.1904368E-10  5.2089093E-02  6.3414867E+04  4.2273515E+04  9.5605505E+03  1.6591403E+03  1.3438720E+01  3.1317146-317  8.0617461E+06
  3.2780743E-10  5.3519918E-02  6.3414902E+04  4.2273451E+04  9.5605919E+03  1.6591403E+03  1.3841343E+01  3.1317146-317  8.0617473E+06
  3.3838534E-10  5.5246934E-02  6.3414937E+04  4.2273388E+04  9.5606343E+03  1.6591403E+03  1.4245106E+01  3.1317146-317  8.0617485E+06
  3.4896322E-10  5.6973946E-02  6.3414980E+04  4.2273312E+04  9.5606867E+03  1.6591403E+03  1.4733984E+01  3.1317146-317  8.0617500E+06
  3.5954110E-10  5.8700957E-02  6.3415023E+04  4.2273236E+04  9.5607405E+03  1.6591403E+03  1.5224508E+01  3.1317146-317  8.0617514E+06
  3.7011901E-10  6.0427973E-02  6.3415066E+04  4.2273160E+04  9.5607956E+03  1.6591403E+03  1.5716672E+01  3.1317146-317  8.0617529E+06
  3.8069688E-10  6.2154985E-02  6.3415109E+04  4.2273084E+04  9.5608521E+03  1.6591403E+03  1.6210468E+01  3.1317146-317  8.0617544E+06
  3.9127476E-10  6.3881997E-02  6.3415153E+04  4.2273009E+04  9.5609100E+03  1.6591403E+03  1.6705888E+01  3.1317146-317  8.0617559E+06
  4.0185264E-10  6.5609008E-02  6.3415197E+04  4.2272933E+04  9.5609692E+03  1.6591403E+03  1.7202927E+01  3.1317146-317  8.0617574E+06
  4.1386475E-10  6.7570181E-02  6.3415241E+04  4.2272858E+04  9.5610299E+03  1.6591403E+03  1.7701577E+01  3.1317146-317  8.0617589E+06
  4.2587686E-10  6.9531355E-02  6.3415292E+04  4.2272773E+04  9.5611004E+03  1.6591403E+03  1.8269784E+01  3.1317146-317  8.0617606E+06
  4.3788897E-10  7.1492528E-02  6.3415343E+04  4.2272688E+04  9.5611728E+03  1.6591403E+03  1.8840054E+01  3.1317146-317  8.0617624E+06
  4.4990108E-10  7.3453701E-02  6.3415395E+04  4.2272604E+04  9.5612470E+03  1.6591403E+03  1.9412380E+01  3.1317146-317  8.0617641E+06
  4.6191319E-10  7.5414874E-02  6.3415447E+04  4.2272519E+04  9.5613230E+03  1.6591403E+03  1.9986755E+01  3.1317146-317  8.0617659E+06
  4.7392530E-10  7.7376047E-02  6.3415499E+04  4.2272435E+04  9.5614008E+03  1.6591403E+03  2.0563173E+01  3.1317146-317  8.0617677E+06
  4.8593741E-10  7.9337220E-02  6.3415551E+04  4.2272351E+04  9.5614805E+03  1.6591403E+03  2.1141628E+01  3.1317146-317  8.0617695E+06
  4.9963782E-10  8.1574036E-02  6.3415604E+04  4.2272267E+04  9.5615620E+03  1.6591403E+03  2.1722114E+01  3.1317146-317  8.0617713E+06
  5.1333823E-10  8.3810852E-02  6.3415665E+04  4.2272172E+04  9.5616571E+03  1.6591403E+03  2.2386643E+01  3.1317146-317  8.0617734E+06
  5.2703864E-10  8.6047667E-02  6.3415727E+04  4.2272077E+04  9.5617548E+03  1.6591403E+03  2.3053801E+01  3.1317146-317  8.0617754E+06
  5.4073905E-10  8.8284483E-02  6.3415788E+04  4.2271983E+04  9.5618548E+03  1.6591403E+03  2.3723581E+01  3.1317146-317  8.0617776E+06
  5.5443946E-10  9.0521299E-02  6.3415851E+04  4.2271888E+04  9.5619572E+03  1.6591403E+03  2.4395979E+01  3.1317146-317  8.0617797E+06
  5.6813987E-10  9.2758114E-02  6.3415914E+04  4.2271794E+04  9.5620621E+03  1.6591403E+03  2.5070988E+01  3.1317146-317  8.0617818E+06
  5.8184028E-10  9.4994930E-02  6.3415977E+04  4.2271700E+04  9.5621694E+03  1.6591403E+03  2.5748603E+01  3.1317146-317  8.0617840E+06
  5.9763633E-10  9.7573894E-02  6.3416041E+04  4.2271607E+04  9.5622792E+03  1.6591403E+03  2.6428821E+01  3.1317146-317  8.0617862E+06
  6.1343244E-10  1.0015287E-01  6.3416115E+04  4.2271499E+04  9.5624088E+03  1.6591403E+03  2.7216270E+01  3.1317146-317  8.0617887E+06
  6.2922855E-10  1.0273184E-01  6.3416190E+04  4.2271392E+04  9.5625416E+03  1.6591403E+03  2.8007170E+01  3.1317146-317  8.0617912E+06
  6.4502461E-10  1.0531080E-01  6.3416265E+04  4.2271286E+04  9.5626777E+03  1.6591403E+03  2.8801512E+01  3.1317146-317  8.0617938E+06
  6.6082071E-10  1.0788978E-01  6.3416341E+04  4.2271179E+04  9.5628171E+03  1.6591403E+03  2.9599291E+01  3.1317146-317  8.0617964E+06
  6.7661682E-10  1.1046875E-01  6.3416418E+04  4.2271074E+04  9.5629599E+03  1.6591403E+03  3.0400506E+01  3.1317146-317  8.0617990E+06
  6.9241288E-10  1.1304771E-01  6.3416495E+04  4.2270968E+04  9.5631059E+03  1.6591403E+03  3.1205152E+01  3.1317146-317  8.0618017E+06
  7.1078175E-10  1.1604673E-01  6.3416574E+04  4.2270863E+04  9.5632552E+03  1.6591403E+03  3.2013222E+01  3.1317146-317  8.0618043E+06
  7.2915063E-10  1.1904575E-01  6.3416665E+04  4.2270741E+04  9.5634330E+03  1.6591403E+03  3.2957143E+01  3.1317146-317  8.0618075E+06
  7.4751951E-10  1.2204477E-01  6.3416758E+04  4.2270620E+04  9.5636152E+03  1.6591403E+03  3.3905690E+01  3.1317146-317  8.0618106E+06
  7.6588839E-10  1.2504379E-01  6.3416851E+04  4.2270499E+04  9.5638020E+03  1.6591403E+03  3.4858860E+01  3.1317146-317  8.0618138E+06
  7.8425721E-10  1.2804280E-01  6.3416945E+04  4.2270379E+04  9.5639933E+03  1.6591403E+03  3.5816651E+01  3.1317146-317  8.0618170E+06
  8.0262609E-10  1.3104182E-01  6.3417040E+04  4.2270259E+04  9.5641891E+03  1.6591403E+03  3.6779057E+01  3.1317146-317  8.0618203E+06
  8.2099497E-10  1.3404084E-01  6.3417136E+04  4.2270140E+04  9.5643895E+03  1.6591403E+03  3.7746081E+01  3.1317146-317  8.0618235E+06
  8.4160432E-10  1.3740565E-01  6.3417233E+04  4.2270022E+04  9.5645945E+03  1.6591403E+03  3.8717718E+01  3.1317146-317  8.0618268E+06
  8.6221367E-10  1.4077047E-01  6.3417343E+04  4.2269889E+04  9.5648298E+03  1.6591403E+03  3.9813331E+01  3.1317146-317  8.0618306E+06
  8.8282302E-10  1.4413528E-01  6.3417454E+04  4.2269757E+04  9.5650709E+03  1.6591403E+03  4.0914751E+01  3.1317146-317  8.0618344E+06
  9.0343231E-10  1.4750008E-01  6.3417566E+04  4.2269626E+04  9.5653178E+03  1.6591403E+03  4.2021975E+01  3.1317146-317  8.0618382E+06
  9.2404166E-10  1.5086489E-01  6.3417679E+04  4.2269495E+04  9.5655704E+03  1.6591403E+03  4.3135001E+01  3.1317146-317  8.0618420E+06
  9.4465101E-10  1.5422971E-01  6.3417793E+04  4.2269365E+04  9.5658289E+03  1.6591403E+03  4.4253832E+01  3.1317146-317  8.0618459E+06
  9.6526030E-10  1.5759451E-01  6.3417908E+04  4.2269236E+04  9.5660932E+03  1.6591403E+03  4.5378466E+01  3.1317146-317  8.0618499E+06
  9.8944491E-10  1.6154304E-01  6.3418025E+04  4.2269108E+04  9.5663633E+03  1.6591403E+03  4.6508899E+01  3.1317146-317  8.0618538E+06
  1.0136294E-09  1.6549156E-01  6.3418163E+04  4.2268958E+04  9.5666876E+03  1.6591403E+03  4.7842782E+01  3.1317146-317  8.0618586E+06
  1.0378140E-09  1.6944009E-01  6.3418303E+04  4.2268808E+04  9.5670199E+03  1.6591403E+03  4.9184647E+01  3.1317146-317  8.0618633E+06
  1.0619985E-09  1.7338861E-01  6.3418444E+04  4.2268660E+04  9.5673604E+03  1.6591403E+03  5.0534506E+01  3.1317146-317  8.0618681E+06
  1.0861830E-09  1.7733712E-01  6.3418587E+04  4.2268513E+04  9.5677089E+03  1.6591403E+03  5.1892347E+01  3.1317146-317  8.0618730E+06
  1.1103676E-09  1.8128565E-01  6.3418731E+04  4.2268366E+04  9.5680655E+03  1.6591403E+03  5.3258176E+01  3.1317146-317  8.0618779E+06
  1.1345521E-09  1.8523417E-01  6.3418877E+04  4.2268220E+04  9.5684302E+03  1.6591403E+03  5.4631999E+01  3.1317146-317  8.0618829E+06
  1.1622163E-09  1.8975080E-01  6.3419024E+04  4.2268076E+04  9.5688031E+03  1.6591403E+03  5.6013804E+01  3.1317146-317  8.0618879E+06
  1.1898806E-09  1.9426744E-01  6.3419195E+04  4.2267911E+04  9.5692395E+03  1.6591403E+03  5.7604158E+01  3.1317146-317  8.0618937E+06
  1.2175448E-09  1.9878407E-01  6.3419367E+04  4.2267748E+04  9.5696866E+03  1.6591403E+03  5.9204964E+01  3.1317146-317  8.0618996E+06
  1.2452090E-09  2.0330071E-01  6.3419542E+04  4.2267586E+04  9.5701444E+03  1.6591403E+03  6.0816224E+01  3.1317146-317  8.0619056E+06
  1.2728732E-09  2.0781735E-01  6.3419718E+04  4.2267425E+04  9.5706129E+03  1.6591403E+03  6.2437938E+01  3.1317146-317  8.0619116E+06
  1.3005375E-09  2.1233398E-01  6.3419897E+04  4.2267265E+04  9.5710922E+03  1.6591403E+03  6.4070106E+01  3.1317146-317  8.0619177E+06
  1.3282018E-09  2.1685064E-01  6.3420078E+04  4.2267107E+04  9.5715822E+03  1.6591403E+03  6.5712728E+01  3.1317146-317  8.0619239E+06
  1.3519917E-09  2.2073474E-01  6.3420260E+04  4.2266949E+04  9.5720830E+03  1.6591403E+03  6.7365812E+01  3.1317146-317  8.0619301E+06
  1.3757817E-09  2.2461883E-01  6.3420419E+04  4.2266815E+04  9.5725224E+03  1.6591403E+03  6.8795804E+01  3.1317146-317  8.0619355E+06
  1.3995717E-09  2.2850295E-01  6.3420579E+04  4.2266681E+04  9.5729699E+03  1.6591403E+03  7.0233528E+01  3.1317146-317  8.0619410E+06
  1.4233617E-09  2.3238705E-01  6.3420741E+04  4.2266549E+04  9.5734253E+03  1.6591403E+03  7.1678990E+01  3.1317146-317  8.0619465E+06
  1.4471516E-09  2.3627114E-01  6.3420905E+04  4.2266417E+04  9.5738888E+03  1.6591403E+03  7.3132175E+01  3.1317146-317  8.0619521E+06
  1.4709417E-09  2.4015526E-01  6.3421070E+04  4.2266286E+04  9.5743603E+03  1.6591403E+03  7.4593091E+01  3.1317146-317  8.0619577E+06
  1.4991328E-09  2.4475792E-01  6.3421236E+04  4.2266156E+04  9.5748398E+03  1.6591403E+03  7.6061744E+01  3.1317146-317  8.0619634E+06
  1.5273240E-09  2.4936059E-01  6.3421435E+04  4.2266003E+04  9.5754185E+03  1.6591403E+03  7.7812014E+01  3.1317146-317  8.0619701E+06
  1.5555151E-09  2.5396325E-01  6.3421636E+04  4.2265851E+04  9.5760085E+03  1.6591403E+03  7.9573137E+01  3.1317146-317  8.0619770E+06
  1.5837062E-09  2.5856591E-01  6.3421840E+04  4.2265701E+04  9.5766099E+03  1.6591403E+03  8.1345110E+01  3.1317146-317  8.0619839E+06
  1.6118975E-09  2.6316860E-01  6.3422045E+04  4.2265552E+04  9.5772227E+03  1.6591403E+03  8.3127930E+01  3.1317146-317  8.0619910E+06
  1.6400886E-09  2.6777126E-01  6.3422253E+04  4.2265403E+04  9.5778470E+03  1.6591403E+03  8.4921604E+01  3.1317146-317  8.0619980E+06
  1.6734516E-09  2.7321830E-01  6.3422463E+04  4.2265257E+04  9.5784826E+03  1.6591403E+03  8.6726114E+01  3.1317146-317  8.0620052E+06
  1.7068146E-09  2.7866536E-01  6.3422714E+04  4.2265084E+04  9.5792496E+03  1.6591403E+03  8.8875606E+01  3.1317146-317  8.0620137E+06
  1.7401775E-09  2.8411241E-01  6.3422968E+04  4.2264914E+04  9.5800327E+03  1.6591403E+03  9.1040286E+01  3.1317146-317  8.0620224E+06
  1.7735405E-09  2.8955945E-01  6.3423225E+04  4.2264745E+04  9.5808319E+03  1.6591403E+03  9.3220138E+01  3.1317146-317  8.0620312E+06
  1.8069035E-09  2.9500651E-01  6.3423485E+04  4.2264578E+04  9.5816473E+03  1.6591403E+03  9.5415163E+01  3.1317146-317  8.0620400E+06
  1.8402664E-09  3.0045355E-01  6.3423748E+04  4.2264413E+04  9.5824788E+03  1.6591403E+03  9.7625365E+01  3.1317146-317  8.0620490E+06
  1.8736295E-09  3.0590062E-01  6.3424015E+04  4.2264249E+04  9.5833266E+03  1.6591403E+03  9.9850723E+01  3.1317146-317  8.0620581E+06
  1.9139256E-09  3.1247962E-01  6.3424284E+04  4.2264088E+04  9.5841906E+03  1.6591403E+03  1.0209125E+02  3.1317146-317  8.0620673E+06
  1.9542219E-09  3.1905865E-01  6.3424613E+04  4.2263894E+04  9.5852557E+03  1.6591403E+03  1.0481748E+02  3.1317146-317  8.0620785E+06
  1.9945183E-09  3.2563769E-01  6.3424946E+04  4.2263704E+04  9.5863447E+03  1.6591403E+03  1.0756581E+02  3.1317146-317  8.0620899E+06
  2.0348146E-09  3.3221673E-01  6.3425284E+04  4.2263516E+04  9.5874575E+03  1.6591403E+03  1.1033623E+02  3.1317146-317  8.0621014E+06
  2.0751108E-09  3.3879573E-01  6.3425627E+04  4.2263330E+04  9.5885943E+03  1.6591403E+03  1.1312872E+02  3.1317146-317  8.0621131E+06
  2.1154071E-09  3.4537476E-01  6.3425973E+04  4.2263147E+04  9.5897550E+03  1.6591403E+03  1.1594326E+02  3.1317146-317  8.0621249E+06
  2.1557034E-09  3.5195380E-01  6.3426325E+04  4.2262967E+04  9.5909398E+03  1.6591403E+03  1.1877985E+02  3.1317146-317  8.0621368E+06
  2.2093117E-09  3.6070622E-01  6.3426680E+04  4.2262789E+04  9.5921486E+03  1.6591403E+03  1.2163846E+02  3.1317146-317  8.0621490E+06
  2.2629202E-09  3.6945868E-01  6.3427160E+04  4.2262556E+04  9.5937940E+03  1.6591403E+03  1.2547540E+02  3.1317146-317  8.0621653E+06
  2.3165284E-09  3.7821110E-01  6.3427648E+04  4.2262328E+04  9.5954823E+03  1.6591403E+03  1.2935127E+02  3.1317146-317  8.0621820E+06
  2.3701366E-09  3.8696352E-01  6.3428144E+04  4.2262104E+04  9.5972135E+03  1.6591403E+03  1.3326600E+02  3.1317146-317  8.0621988E+06
  2.4237451E-09  3.9571598E-01  6.3428647E+04  4.2261885E+04  9.5989878E+03  1.6591403E+03  1.3721957E+02  3.1317146-317  8.0622160E+06
  2.4773533E-09  4.0446840E-01  6.3429159E+04  4.2261670E+04  9.6008054E+03  1.6591403E+03  1.4121195E+02  3.1317146-317  8.0622334E+06
  2.5309616E-09  4.1322082E-01  6.3429678E+04  4.2261459E+04  9.6026662E+03  1.6591403E+03  1.4524306E+02  3.1317146-317  8.0622511E+06
  2.5918811E-09  4.2316692E-01  6.3430205E+04  4.2261254E+04  9.6045705E+03  1.6591403E+03  1.4931286E+02  3.1317146-317  8.0622691E+06
  2.6528003E-09  4.3311299E-01  6.3430814E+04  4.2261025E+04  9.6067874E+03  1.6591403E+03  1.5398456E+02  3.1317146-317  8.0622898E+06
  2.7137196E-09  4.4305905E-01  6.3431432E+04  4.2260803E+04  9.6090607E+03  1.6591403E+03  1.5870606E+02  3.1317146-317  8.0623109E+06
  2.7746389E-09  4.5300512E-01  6.3432061E+04  4.2260586E+04  9.6113906E+03  1.6591403E+03  1.6347730E+02  3.1317146-317  8.0623323E+06
  2.8355581E-09  4.6295118E-01  6.3432700E+04  4.2260375E+04  9.6137773E+03  1.6591403E+03  1.6829820E+02  3.1317146-317  8.0623541E+06
  2.8964774E-09  4.7289725E-01  6.3433350E+04  4.2260170E+04  9.6162210E+03  1.6591403E+03  1.7316867E+02  3.1317146-317  8.0623762E+06
  2.9573967E-09  4.8284331E-01  6.3434009E+04  4.2259971E+04  9.6187218E+03  1.6591403E+03  1.7808861E+02  3.1317146-317  8.0623987E+06
  3.0099692E-09  4.9142665E-01  6.3434679E+04  4.2259778E+04  9.6212799E+03  1.6591403E+03  1.8305792E+02  3.1317146-317  8.0624215E+06
  3.0625416E-09  5.0000994E-01  6.3435265E+04  4.2259616E+04  9.6235338E+03  1.6591403E+03  1.8738605E+02  3.1317146-317  8.0624415E+06
  3.1151142E-09  5.0859327E-01  6.3435859E+04  4.2259458E+04  9.6258306E+03  1.6591403E+03  1.9175079E+02  3.1317146-317  8.0624617E+06
  3.1676865E-09  5.1717657E-01  6.3436460E+04  4.2259305E+04  9.6281704E+03  1.6591403E+03  1.9615212E+02  3.1317146-317  8.0624822E+06
  3.2202591E-09  5.2575990E-01  6.3437069E+04  4.2259156E+04  9.6305534E+03  1.6591403E+03  2.0058993E+02  3.1317146-317  8.0625029E+06
  3.2728315E-09  5.3434320E-01  6.3437686E+04  4.2259011E+04  9.6329796E+03  1.6591403E+03  2.0506418E+02  3.1317146-317  8.0625239E+06
  3.3341732E-09  5.4435824E-01  6.3438310E+04  4.2258871E+04  9.6354491E+03  1.6591403E+03  2.0957477E+02  3.1317146-317  8.0625452E+06
  3.3955147E-09  5.5437324E-01  6.3439048E+04  4.2258712E+04  9.6383855E+03  1.6591403E+03  2.1488355E+02  3.1317146-317  8.0625703E+06
  3.4568564E-09  5.6438828E-01  6.3439796E+04  4.2258560E+04  9.6413812E+03  1.6591403E+03  2.2024157E+02  3.1317146-317  8.0625958E+06
  3.5181979E-09  5.7440328E-01  6.3440555E+04  4.2258414E+04  9.6444364E+03  1.6591403E+03  2.2564877E+02  3.1317146-317  8.0626216E+06
  3.5795397E-09  5.8441832E-01  6.3441323E+04  4.2258273E+04  9.6475513E+03  1.6591403E+03  2.3110497E+02  3.1317146-317  8.0626478E+06
  3.6408812E-09  5.9443332E-01  6.3442103E+04  4.2258139E+04  9.6507261E+03  1.6591403E+03  2.3661008E+02  3.1317146-317  8.0626743E+06
  3.7176542E-09  6.0696777E-01  6.3442893E+04  4.2258011E+04  9.6539609E+03  1.6591403E+03  2.4216393E+02  3.1317146-317  8.0627012E+06
  3.7944268E-09  6.1950215E-01  6.3443895E+04  4.2257858E+04  9.6580942E+03  1.6591403E+03  2.4918335E+02  3.1317146-317  8.0627354E+06
  3.8711998E-09  6.3203660E-01  6.3444915E+04  4.2257715E+04  9.6623221E+03  1.6591403E+03  2.5627862E+02  3.1317146-317  8.0627701E+06
  3.9479724E-09  6.4457098E-01  6.3445950E+04  4.2257581E+04  9.6666450E+03  1.6591403E+03  2.6344955E+02  3.1317146-317  8.0628053E+06
  4.0247454E-09  6.5710543E-01  6.3447002E+04  4.2257457E+04  9.6710634E+03  1.6591403E+03  2.7069593E+02  3.1317146-317  8.0628411E+06
  4.1015184E-09  6.6963988E-01  6.3448069E+04  4.2257342E+04  9.6755775E+03  1.6591403E+03  2.7801739E+02  3.1317146-317  8.0628774E+06
  4.1782910E-09  6.8217426E-01  6.3449153E+04  4.2257236E+04  9.6801877E+03  1.6591403E+03  2.8541358E+02  3.1317146-317  8.0629143E+06
  4.2788234E-09  6.9858782E-01  6.3450254E+04  4.2257139E+04  9.6848941E+03  1.6591403E+03  2.9288416E+02  3.1317146-317  8.0629518E+06
  4.3793554E-09  7.1500130E-01  6.3451719E+04  4.2257027E+04  9.6912031E+03  1.6591403E+03  3.0277861E+02  3.1317146-317  8.0630016E+06
  4.4798878E-09  7.3141486E-01  6.3453212E+04  4.2256930E+04  9.6976787E+03  1.6591403E+03  3.1279939E+02  3.1317146-317  8.0630524E+06
  4.5804198E-09  7.4782835E-01  6.3454732E+04  4.2256850E+04  9.7043216E+03  1.6591403E+03  3.2294585E+02  3.1317146-317  8.0631041E+06
  4.6809522E-09  7.6424190E-01  6.3456281E+04  4.2256785E+04  9.7111326E+03  1.6591403E+03  3.3321715E+02  3.1317146-317  8.0631568E+06
  4.7814841E-09  7.8065539E-01  6.3457857E+04  4.2256737E+04  9.7181125E+03  1.6591403E+03  3.4361259E+02  3.1317146-317  8.0632104E+06
  4.8820165E-09  7.9706894E-01  6.3459460E+04  4.2256704E+04  9.7252621E+03  1.6591403E+03  3.5413131E+02  3.1317146-317  8.0632649E+06
  4.9883411E-09  8.1442817E-01  6.3461092E+04  4.2256687E+04  9.7325821E+03  1.6591403E+03  3.6477259E+02  3.1317146-317  8.0633204E+06
  5.0946662E-09  8.3178747E-01  6.3462847E+04  4.2256686E+04  9.7405101E+03  1.6591403E+03  3.7615933E+02  3.1317146-317  8.0633800E+06
  5.2009912E-09  8.4914677E-01  6.3464633E+04  4.2256703E+04  9.7486307E+03  1.6591403E+03  3.8768125E+02  3.1317146-317  8.0634407E+06
  5.3073158E-09  8.6650600E-01  6.3466450E+04  4.2256738E+04  9.7569446E+03  1.6591403E+03  3.9933730E+02  3.1317146-317  8.0635025E+06
  5.4136408E-09  8.8386530E-01  6.3468298E+04  4.2256790E+04  9.7654529E+03  1.6591403E+03  4.1112639E+02  3.1317146-317  8.0635653E+06
  5.5199659E-09  9.0122460E-01  6.3470177E+04  4.2256861E+04  9.7741566E+03  1.6591403E+03  4.2304758E+02  3.1317146-317  8.0636291E+06
  5.6262905E-09  9.1858382E-01  6.3472086E+04  4.2256948E+04  9.7830565E+03  1.6591403E+03  4.3509976E+02  3.1317146-317  8.0636940E+06
  5.7378760E-09  9.3680199E-01  6.3474026E+04  4.2257054E+04  9.7921535E+03  1.6591403E+03  4.4728180E+02  3.1317146-317  8.0637599E+06
  5.8494616E-09  9.5502015E-01  6.3476094E+04  4.2257183E+04  9.8019138E+03  1.6591403E+03  4.6020509E+02  3.1317146-317  8.0638301E+06
  5.9610467E-09  9.7323824E-01  6.3478197E+04  4.2257332E+04  9.8118936E+03  1.6591403E+03  4.7326899E+02  3.1317146-317  8.0639015E+06
  6.0726322E-09  9.9145641E-01  6.3480333E+04  4.2257500E+04  9.8220938E+03  1.6591403E+03  4.8647212E+02  3.1317146-317  8.0639740E+06
  6.1842178E-09  1.0096746E+00  6.3482502E+04  4.2257687E+04  9.8325157E+03  1.6591403E+03  4.9981329E+02  3.1317146-317  8.0640477E+06
  6.2958029E-09  1.0278927E+00  6.3484705E+04  4.2257894E+04  9.8431603E+03  1.6591403E+03  5.1329110E+02  3.1317146-317  8.0641224E+06
  6.4073885E-09  1.0461108E+00  6.3486942E+04  4.2258120E+04  9.8540289E+03  1.6591403E+03  5.2690415E+02  3.1317146-317  8.0641983E+06
  6.5650971E-09  1.0718593E+00  6.3489212E+04  4.2258365E+04  9.8651226E+03  1.6591403E+03  5.4065120E+02  3.1317146-317  8.0642753E+06
  6.7228058E-09  1.0976079E+00  6.3492476E+04  4.2258744E+04  9.8811876E+03  1.6591403E+03  5.6030602E+02  3.1317146-317  8.0643861E+06
  6.8805140E-09  1.1233563E+00  6.3495807E+04  4.2259160E+04  9.8977077E+03  1.6591403E+03  5.8022170E+02  3.1317146-317  8.0644990E+06
  7.0382226E-09  1.1491048E+00  6.3499204E+04  4.2259615E+04  9.9146862E+03  1.6591403E+03  6.0039420E+02  3.1317146-317  8.0646142E+06
  7.1959313E-09  1.1748533E+00  6.3502668E+04  4.2260108E+04  9.9321265E+03  1.6591403E+03  6.2081962E+02  3.1317146-317  8.0647316E+06
  7.3536395E-09  1.2006018E+00  6.3506196E+04  4.2260638E+04  9.9500318E+03  1.6591403E+03  6.4149383E+02  3.1317146-317  8.0648511E+06
  7.5113481E-09  1.2263503E+00  6.3509791E+04  4.2261206E+04  9.9684055E+03  1.6591403E+03  6.6241268E+02  3.1317146-317  8.0649729E+06
  7.6988073E-09  1.2569561E+00  6.3513451E+04  4.2261812E+04  9.9872509E+03  1.6591403E+03  6.8357215E+02  3.1317146-317  8.0650969E+06
  7.8862673E-09  1.2875620E+00  6.3517885E+04  4.2262580E+04  1.0010269E+04  1.6591403E+03  7.0903028E+02  3.1317146-317  8.0652470E+06
  8.0737265E-09  1.3181677E+00  6.3522412E+04  4.2263401E+04  1.0033965E+04  1.6591403E+03  7.3481552E+02  3.1317146-317  8.0654002E+06
  8.2611865E-09  1.3487736E+00  6.3527030E+04  4.2264274E+04  1.0058343E+04  1.6591403E+03  7.6092056E+02  3.1317146-317  8.0655564E+06
  8.4486457E-09  1.3793794E+00  6.3531739E+04  4.2265200E+04  1.0083410E+04  1.6591403E+03  7.8733857E+02  3.1317146-317  8.0657157E+06
  8.6361049E-09  1.4099852E+00  6.3536538E+04  4.2266177E+04  1.0109170E+04  1.6591403E+03  8.1406216E+02  3.1317146-317  8.0658779E+06
  8.8235649E-09  1.4405911E+00  6.3541428E+04  4.2267206E+04  1.0135630E+04  1.6591403E+03  8.4108433E+02  3.1317146-317  8.0660432E+06
  9.0491551E-09  1.4774224E+00  6.3546407E+04  4.2268286E+04  1.0162796E+04  1.6591403E+03  8.6839806E+02  3.1317146-317  8.0662114E+06
  9.2747454E-09  1.5142537E+00  6.3552518E+04  4.2269654E+04  1.0196431E+04  1.6591403E+03  9.0164368E+02  3.1317146-317  8.0664178E+06
  9.5003356E-09  1.5510850E+00  6.3558758E+04  4.2271095E+04  1.0231106E+04  1.6591403E+03  9.3528858E+02  3.1317146-317  8.0666284E+06
  9.7259259E-09  1.5879163E+00  6.3565125E+04  4.2272609E+04  1.0266832E+04  1.6591403E+03  9.6932033E+02  3.1317146-317  8.0668432E+06
  9.9515161E-09  1.6247476E+00  6.3571621E+04  4.2274197E+04  1.0303618E+04  1.6591403E+03  1.0037266E+03  3.1317146-317  8.0670622E+06
  1.0177106E-08  1.6615789E+00  6.3578243E+04  4.2275856E+04  1.0341474E+04  1.6591403E+03  1.0384950E+03  3.1317146-317  8.0672854E+06
  1.0402697E-08  1.6984101E+00  6.3584992E+04  4.2277587E+04  1.0380412E+04  1.6591403E+03  1.0736135E+03  3.1317146-317  8.0675127E+06
  1.0712557E-08  1.7489999E+00  6.3591866E+04  4.2279390E+04  1.0420440E+04  1.6591403E+03  1.1090697E+03  3.1317146-317  8.0677442E+06
  1.1022417E-08  1.7995897E+00  6.3601511E+04  4.2281982E+04  1.0477217E+04  1.6591403E+03  1.1582992E+03  3.1317146-317  8.0680687E+06
  1.1332278E-08  1.8501795E+00  6.3611391E+04  4.2284706E+04  1.0536098E+04  1.6591403E+03  1.2081125E+03  3.1317146-317  8.0684009E+06
  1.1642137E-08  1.9007691E+00  6.3621502E+04  4.2287561E+04  1.0597109E+04  1.6591403E+03  1.2584790E+03  3.1317146-317  8.0687406E+06
  1.1951998E-08  1.9513588E+00  6.3631844E+04  4.2290547E+04  1.0660275E+04  1.6591403E+03  1.3093688E+03  3.1317146-317  8.0690878E+06
  1.2261858E-08  2.0019486E+00  6.3642415E+04  4.2293662E+04  1.0725624E+04  1.6591403E+03  1.3607527E+03  3.1317146-317  8.0694423E+06
  1.2571718E-08  2.0525384E+00  6.3653213E+04  4.2296904E+04  1.0793181E+04  1.6591403E+03  1.4126015E+03  3.1317146-317  8.0698042E+06
  1.2881579E-08  2.1031282E+00  6.3664236E+04  4.2300274E+04  1.0862972E+04  1.6591403E+03  1.4648870E+03  3.1317146-317  8.0701734E+06
  1.3191438E-08  2.1537178E+00  6.3675483E+04  4.2303768E+04  1.0935023E+04  1.6591403E+03  1.5175815E+03  3.1317146-317  8.0705497E+06
  1.3501299E-08  2.2043075E+00  6.3686953E+04  4.2307387E+04  1.1009359E+04  1.6591403E+03  1.5706577E+03  3.1317146-317  8.0709331E+06
  1.3811537E-08  2.2549591E+00  6.3698644E+04  4.2311128E+04  1.1086008E+04  1.6591403E+03  1.6240895E+03  3.1317146-317  8.0713236E+06
  1.4121776E-08  2.3056106E+00  6.3710569E+04  4.2314996E+04  1.1165091E+04  1.6591403E+03  1.6779168E+03  3.1317146-317  8.0717215E+06
  1.4432015E-08  2.3562622E+00  6.3722712E+04  4.2318985E+04  1.1246542E+04  1.6591403E+03  1.7320493E+03  3.1317146-317  8.0721263E+06
  1.4742254E-08  2.4069137E+00  6.3735072E+04  4.2323093E+04  1.1330388E+04  1.6591403E+03  1.7864624E+03  3.1317146-317  8.0725380E+06
  1.5052493E-08  2.4575654E+00  6.3747647E+04  4.2327320E+04  1.1416652E+04  1.6591403E+03  1.8411324E+03  3.1317146-317  8.0729564E+06
  1.5362731E-08  2.5082168E+00  6.3760437E+04  4.2331665E+04  1.1505361E+04  1.6591403E+03  1.8960362E+03  3.1317146-317  8.0733815E+06
  1.5672971E-08  2.5588685E+00  6.3773439E+04  4.2336125E+04  1.1596539E+04  1.6591403E+03  1.9511509E+03  3.1317146-317  8.0738133E+06
  1.6063827E-08  2.6226822E+00  6.3786652E+04  4.2340700E+04  1.1690211E+04  1.6591403E+03  2.0064554E+03  3.1317146-317  8.0742516E+06
  1.6454682E-08  2.6864956E+00  6.3803598E+04  4.2346625E+04  1.1811814E+04  1.6591403E+03  2.0763680E+03  3.1317146-317  8.0748131E+06
  1.6845538E-08  2.7503092E+00  6.3820874E+04  4.2352729E+04  1.1937463E+04  1.6591403E+03  2.1465068E+03  3.1317146-317  8.0753848E+06
  1.7236394E-08  2.8141229E+00  6.3838479E+04  4.2359008E+04  1.2067210E+04  1.6591403E+03  2.2168337E+03  3.1317146-317  8.0759666E+06
  1.7627249E-08  2.8779363E+00  6.3856409E+04  4.2365461E+04  1.2201101E+04  1.6591403E+03  2.2873110E+03  3.1317146-317  8.0765583E+06
  1.8018105E-08  2.9417499E+00  6.3874663E+04  4.2372084E+04  1.2339186E+04  1.6591403E+03  2.3579031E+03  3.1317146-317  8.0771598E+06
  1.8408961E-08  3.0055636E+00  6.3893237E+04  4.2378876E+04  1.2481513E+04  1.6591403E+03  2.4285767E+03  3.1317146-317  8.0777710E+06
  1.8888338E-08  3.0838298E+00  6.3912131E+04  4.2385834E+04  1.2628128E+04  1.6591403E+03  2.4992994E+03  3.1317146-317  8.0783918E+06
  1.9367715E-08  3.1620959E+00  6.3935735E+04  4.2394592E+04  1.2813873E+04  1.6591403E+03  2.5860618E+03  3.1317146-317  8.0791661E+06
  1.9847091E-08  3.2403618E+00  6.3959812E+04  4.2403592E+04  1.3006227E+04  1.6591403E+03  2.6727993E+03  3.1317146-317  8.0799544E+06
  2.0326468E-08  3.3186279E+00  6.3984356E+04  4.2412829E+04  1.3205273E+04  1.6591403E+03  2.7594625E+03  3.1317146-317  8.0807564E+06
  2.0805845E-08  3.3968941E+00  6.4009365E+04  4.2422300E+04  1.3411097E+04  1.6591403E+03  2.8460061E+03  3.1317146-317  8.0815721E+06
  2.1285222E-08  3.4751602E+00  6.4034835E+04  4.2431999E+04  1.3623782E+04  1.6591403E+03  2.9323876E+03  3.1317146-317  8.0824011E+06
  2.2156764E-08  3.6174536E+00  6.4060762E+04  4.2441922E+04  1.3843409E+04  1.6591403E+03  3.0185683E+03  3.1317146-317  8.0832433E+06
  2.3028303E-08  3.7597467E+00  6.4109057E+04  4.2460521E+04  1.4260752E+04  1.6591403E+03  3.1746241E+03  3.1317146-317  8.0848074E+06
  2.3899843E-08  3.9020397E+00  6.4158829E+04  4.2479816E+04  1.4701782E+04  1.6591403E+03  3.3297184E+03  3.1317146-317  8.0864131E+06
  2.4771382E-08  4.0443328E+00  6.4210057E+04  4.2499778E+04  1.5166956E+04  1.6591403E+03  3.4837057E+03  3.1317146-317  8.0880590E+06
  2.5642922E-08  4.1866259E+00  6.4262719E+04  4.2520373E+04  1.5656713E+04  1.6591403E+03  3.6364771E+03  3.1317146-317  8.0897440E+06
  2.6514463E-08  4.3289193E+00  6.4316794E+04  4.2541570E+04  1.6171468E+04  1.6591403E+03  3.7879614E+03  3.1317146-317  8.0914668E+06
  2.7823544E-08  4.5426481E+00  6.4372260E+04  4.2563333E+04  1.6711607E+04  1.6591403E+03  3.9381257E+03  3.1317146-317  8.0932260E+06
  2.9132625E-08  4.7563769E+00  6.4458129E+04  4.2596998E+04  1.7571366E+04  1.6591403E+03  4.1612206E+03  3.1317146-317  8.0959338E+06
  3.0441706E-08  4.9701057E+00  6.4546991E+04  4.2631707E+04  1.8490174E+04  1.6591403E+03  4.3815552E+03  3.1317146-317  8.0987161E+06
  3.1750786E-08  5.1838345E+00  6.4638745E+04  4.2667296E+04  1.9468729E+04  1.6591403E+03  4.5995472E+03  3.1317146-317  8.1015675E+06
  3.3059867E-08  5.3975633E+00  6.4733270E+04  4.2703575E+04  2.0507323E+04  1.6591403E+03  4.8158546E+03  3.1317146-317  8.1044822E+06
  3.4368948E-08  5.6112922E+00  6.4830418E+04  4.2740320E+04  2.1605688E+04  1.6591403E+03  5.0313964E+03  3.1317146-317  8.1074539E+06
  3.6136151E-08  5.8998169E+00  6.4930004E+04  4.2777272E+04  2.2762814E+04  1.6591403E+03  5.2473721E+03  3.1317146-317  8.1104748E+06
  3.7903351E-08  6.1883411E+00  6.5067885E+04  4.2826929E+04  2.4414349E+04  1.6591403E+03  5.5423068E+03  3.1317146-317  8.1146152E+06
  3.9670550E-08  6.4768654E+00  6.5209007E+04  4.2875476E+04  2.6160339E+04  1.6591403E+03  5.8452907E+03  3.1317146-317  8.1188020E+06
  4.1437753E-08  6.7653901E+00  6.5352309E+04  4.2921786E+04  2.7986128E+04  1.6591403E+03  6.1616312E+03  3.1317146-317  8.1230010E+06
  4.3204953E-08  7.0539143E+00  6.5496362E+04  4.2964508E+04  2.9869618E+04  1.6591403E+03  6.4970150E+03  3.1317146-317  8.1271685E+06
  4.4972156E-08  7.3424391E+00  6.5639305E+04  4.3002096E+04  3.1780044E+04  1.6591403E+03  6.8567302E+03  3.1317146-317  8.1312510E+06
  4.7087701E-08  7.6878364E+00  6.5778861E+04  4.3032883E+04  3.3677909E+04  1.6591403E+03  7.2445675E+03  3.1317146-317  8.1351859E+06
  4.9203246E-08  8.0332336E+00  6.5937826E+04  4.3058522E+04  3.5867933E+04  1.6591403E+03  7.7471254E+03  3.1317146-317  8.1396068E+06
  5.1318790E-08  8.3786308E+00  6.6083697E+04  4.3069776E+04  3.7889198E+04  1.6591403E+03  8.2865977E+03  3.1317146-317  8.1436061E+06
  5.3434335E-08  8.7240280E+00  6.6212669E+04  4.3065341E+04  3.9667238E+04  1.6591403E+03  8.8515271E+03  3.1317146-317  8.1470964E+06
  5.5549880E-08  9.0694253E+00  6.6322479E+04  4.3045248E+04  4.1152469E+04  1.6591403E+03  9.4269502E+03  3.1317146-317  8.1500342E+06
  5.7665424E-08  9.4148225E+00  6.6412806E+04  4.3010837E+04  4.2328910E+04  1.6591403E+03  9.9987029E+03  3.1317146-317  8.1524274E+06
  5.9780965E-08  9.7602191E+00  6.6485104E+04  4.2964393E+04  4.3212748E+04  1.6591403E+03  1.0556530E+04  3.1317146-317  8.1543277E+06
  6.2322778E-08  1.0175212E+01  6.6541978E+04  4.2908632E+04  4.3842730E+04  1.6591403E+03  1.1094896E+04  3.1317146-317  8.1558132E+06
  6.4864590E-08  1.0590204E+01  6.6594220E+04  4.2833078E+04  4.4333169E+04  1.6591403E+03  1.1713802E+04  3.1317146-317  8.1571704E+06
  6.7406403E-08  1.1005196E+01  6.6633612E+04  4.2751923E+04  4.4611645E+04  1.6591403E+03  1.2303634E+04  3.1317146-317  8.1581891E+06
  6.9948208E-08  1.1420188E+01  6.6664239E+04  4.2668197E+04  4.4747964E+04  1.6591403E+03  1.2867628E+04  3.1317146-317  8.1589784E+06
  7.2490021E-08  1.1835180E+01  6.6689092E+04  4.2584011E+04  4.4793928E+04  1.6591403E+03  1.3409154E+04  3.1317146-317  8.1596171E+06
  7.5031833E-08  1.2250172E+01  6.6710203E+04  4.2500737E+04  4.4785010E+04  1.6591403E+03  1.3930996E+04  3.1317146-317  8.1601583E+06
  7.7573646E-08  1.2665165E+01  6.6728887E+04  4.2419220E+04  4.4744197E+04  1.6591403E+03  1.4435217E+04  3.1317146-317  8.1606365E+06
  8.0426859E-08  1.3130998E+01  6.6745967E+04  4.2339952E+04  4.4685830E+04  1.6591403E+03  1.4923282E+04  3.1317146-317  8.1610727E+06
  8.3280072E-08  1.3596832E+01  6.6763837E+04  4.2253967E+04  4.4609968E+04  1.6591403E+03  1.5453154E+04  3.1317146-317  8.1615283E+06
  8.6133285E-08  1.4062666E+01  6.6780716E+04  4.2171302E+04  4.4529740E+04  1.6591403E+03  1.5964978E+04  3.1317146-317  8.1619580E+06
  8.8986498E-08  1.4528499E+01  6.6796835E+04  4.2091988E+04  4.4448913E+04  1.6591403E+03  1.6459528E+04  3.1317146-317  8.1623676E+06
  9.1839711E-08  1.4994333E+01  6.6812324E+04  4.2015983E+04  4.4369425E+04  1.6591403E+03  1.6937433E+04  3.1317146-317  8.1627605E+06
  9.4692924E-08  1.5460167E+01  6.6827255E+04  4.1943207E+04  4.4292235E+04  1.6591403E+03  1.7399261E+04  3.1317146-317  8.1631387E+06
  9.7546136E-08  1.5926000E+01  6.6841676E+04  4.1873556E+04  4.4217777E+04  1.6591403E+03  1.7845543E+04  3.1317146-317  8.1635034E+06
  1.0039935E-07  1.6391834E+01  6.6855619E+04  4.1806918E+04  4.4146219E+04  1.6591403E+03  1.8276802E+04  3.1317146-317  8.1638555E+06
  1.0325256E-07  1.6857667E+01  6.6869109E+04  4.1743175E+04  4.4077589E+04  1.6591403E+03  1.8693555E+04  3.1317146-317  8.1641957E+06
  1.0610578E-07  1.7323501E+01  6.6882166E+04  4.1682207E+04  4.4011840E+04  1.6591403E+03  1.9096316E+04  3.1317146-317  8.1645245E+06
  1.0895899E-07  1.7789335E+01  6.6894808E+04  4.1623897E+04  4.3948892E+04  1.6591403E+03  1.9485594E+04  3.1317146-317  8.1648424E+06
  1.1202334E-07  1.8289640E+01  6.6907052E+04  4.1568129E+04  4.3888645E+04  1.6591403E+03  1.9861891E+04  3.1317146-317  8.1651500E+06
  1.1508769E-07  1.8789946E+01  6.6919776E+04  4.1510935E+04  4.3826829E+04  1.6591403E+03  2.0252137E+04  3.1317146-317  8.1654692E+06
  1.1815205E-07  1.9290252E+01  6.6932078E+04  4.1456406E+04  4.3767873E+04  1.6591403E+03  2.0628568E+04  3.1317146-317  8.1657774E+06
  1.2121640E-07  1.9790557E+01  6.6943975E+04  4.1404411E+04  4.3711647E+04  1.6591403E+03  2.0991755E+04  3.1317146-317  8.1660751E+06
  1.2428075E-07  2.0290863E+01  6.6955483E+04  4.1354825E+04  4.3658020E+04  1.6591403E+03  2.1342252E+04  3.1317146-317  8.1663627E+06
  1.2734511E-07  2.0791169E+01  6.6966620E+04  4.1307527E+04  4.3606868E+04  1.6591403E+03  2.1680586E+04  3.1317146-317  8.1666407E+06
  1.3040946E-07  2.1291475E+01  6.6977400E+04  4.1262404E+04  4.3558071E+04  1.6591403E+03  2.2007264E+04  3.1317146-317  8.1669095E+06
  1.3362902E-07  2.1817120E+01  6.6987838E+04  4.1219346E+04  4.3511514E+04  1.6591403E+03  2.2322766E+04  3.1317146-317  8.1671695E+06
  1.3684858E-07  2.2342766E+01  6.6998449E+04  4.1176218E+04  4.3464891E+04  1.6591403E+03  2.2642713E+04  3.1317146-317  8.1674336E+06
  1.4006813E-07  2.2868410E+01  6.7008713E+04  4.1135140E+04  4.3420495E+04  1.6591403E+03  2.2951337E+04  3.1317146-317  8.1676887E+06
  1.4328769E-07  2.3394056E+01  6.7018642E+04  4.1096003E+04  4.3378213E+04  1.6591403E+03  2.3249115E+04  3.1317146-317  8.1679352E+06
  1.4650725E-07  2.3919702E+01  6.7028250E+04  4.1058706E+04  4.3337933E+04  1.6591403E+03  2.3536500E+04  3.1317146-317  8.1681735E+06
  1.4972680E-07  2.4445345E+01  6.7037549E+04  4.1023151E+04  4.3299552E+04  1.6591403E+03  2.3813917E+04  3.1317146-317  8.1684039E+06
  1.5294636E-07  2.4970991E+01  6.7046549E+04  4.0989246E+04  4.3262971E+04  1.6591403E+03  2.4081768E+04  3.1317146-317  8.1686268E+06
  1.5693627E-07  2.5622409E+01  6.7055264E+04  4.0956906E+04  4.3228095E+04  1.6591403E+03  2.4340437E+04  3.1317146-317  8.1688423E+06
  1.6092617E-07  2.6273826E+01  6.7065680E+04  4.0918876E+04  4.3187110E+04  1.6591403E+03  2.4648793E+04  3.1317146-317  8.1690997E+06
  1.6491608E-07  2.6925244E+01  6.7075690E+04  4.0882978E+04  4.3148452E+04  1.6591403E+03  2.4944232E+04  3.1317146-317  8.1693467E+06
  1.6890598E-07  2.7576660E+01  6.7085310E+04  4.0849077E+04  4.3111974E+04  1.6591403E+03  2.5227357E+04  3.1317146-317  8.1695839E+06
  1.7289589E-07  2.8228079E+01  6.7094556E+04  4.0817046E+04  4.3077537E+04  1.6591403E+03  2.5498728E+04  3.1317146-317  8.1698117E+06
  1.7688579E-07  2.8879495E+01  6.7103443E+04  4.0786768E+04  4.3045014E+04  1.6591403E+03  2.5758872E+04  3.1317146-317  8.1700304E+06
  1.8087570E-07  2.9530913E+01  6.7111985E+04  4.0758135E+04  4.3014284E+04  1.6591403E+03  2.6008283E+04  3.1317146-317  8.1702404E+06
  1.8552324E-07  3.0289699E+01  6.7120195E+04  4.0731045E+04  4.2985238E+04  1.6591403E+03  2.6247426E+04  3.1317146-317  8.1704421E+06
  1.9017079E-07  3.1048488E+01  6.7129357E+04  4.0701310E+04  4.2953388E+04  1.6591403E+03  2.6513618E+04  3.1317146-317  8.1706669E+06
  1.9481832E-07  3.1807274E+01  6.7138103E+04  4.0673402E+04  4.2923529E+04  1.6591403E+03  2.6767120E+04  3.1317146-317  8.1708814E+06
  1.9946587E-07  3.2566062E+01  6.7146453E+04  4.0647196E+04  4.2895522E+04  1.6591403E+03  2.7008540E+04  3.1317146-317  8.1710859E+06
  2.0411341E-07  3.3324848E+01  6.7154423E+04  4.0622575E+04  4.2869237E+04  1.6591403E+03  2.7238453E+04  3.1317146-317  8.1712810E+06
  2.0876096E-07  3.4083637E+01  6.7162028E+04  4.0599430E+04  4.2844556E+04  1.6591403E+03  2.7457402E+04  3.1317146-317  8.1714670E+06
  2.1340851E-07  3.4842425E+01  6.7169284E+04  4.0577663E+04  4.2821369E+04  1.6591403E+03  2.7665899E+04  3.1317146-317  8.1716443E+06
  2.1865582E-07  3.5699134E+01  6.7176206E+04  4.0557182E+04  4.2799576E+04  1.6591403E+03  2.7864430E+04  3.1317146-317  8.1718133E+06
  2.2390314E-07  3.6555846E+01  6.7183637E+04  4.0535497E+04  4.2776528E+04  1.6591403E+03  2.8077183E+04  3.1317146-317  8.1719947E+06
  2.2915047E-07  3.7412557E+01  6.7190679E+04  4.0515232E+04  4.2755014E+04  1.6591403E+03  2.8278449E+04  3.1317146-317  8.1721664E+06
  2.3439778E-07  3.8269266E+01  6.7197351E+04  4.0496285E+04  4.2734922E+04  1.6591403E+03  2.8468825E+04  3.1317146-317  8.1723289E+06
  2.3964511E-07  3.9125978E+01  6.7203671E+04  4.0478560E+04  4.2716146E+04  1.6591403E+03  2.8648873E+04  3.1317146-317  8.1724828E+06
  2.4489242E-07  3.9982687E+01  6.7209655E+04  4.0461972E+04  4.2698594E+04  1.6591403E+03  2.8819130E+04  3.1317146-317  8.1726284E+06
  2.5013976E-07  4.0839401E+01  6.7215320E+04  4.0446442E+04  4.2682176E+04  1.6591403E+03  2.8980105E+04  3.1317146-317  8.1727661E+06
  2.5538707E-07  4.1696110E+01  6.7220682E+04  4.0431895E+04  4.2666814E+04  1.6591403E+03  2.9132284E+04  3.1317146-317  8.1728964E+06
  2.6063441E-07  4.2552824E+01  6.7225755E+04  4.0418266E+04  4.2652433E+04  1.6591403E+03  2.9276124E+04  3.1317146-317  8.1730197E+06
  2.6588172E-07  4.3409533E+01  6.7230554E+04  4.0405490E+04  4.2638965E+04  1.6591403E+03  2.9412062E+04  3.1317146-317  8.1731362E+06
  2.7112903E-07  4.4266243E+01  6.7235093E+04  4.0393512E+04  4.2626349E+04  1.6591403E+03  2.9540512E+04  3.1317146-317  8.1732463E+06
  2.7639644E-07  4.5126234E+01  6.7239385E+04  4.0382278E+04  4.2614526E+04  1.6591403E+03  2.9661869E+04  3.1317146-317  8.1733504E+06
  2.8166389E-07  4.5986231E+01  6.7243458E+04  4.0371700E+04  4.2603401E+04  1.6591403E+03  2.9776936E+04  3.1317146-317  8.1734491E+06
  2.8693130E-07  4.6846222E+01  6.7247307E+04  4.0361776E+04  4.2592971E+04  1.6591403E+03  2.9885598E+04  3.1317146-317  8.1735424E+06
  2.9219872E-07  4.7706214E+01  6.7250943E+04  4.0352463E+04  4.2583191E+04  1.6591403E+03  2.9988195E+04  3.1317146-317  8.1736304E+06
  2.9746613E-07  4.8566205E+01  6.7254378E+04  4.0343721E+04  4.2574016E+04  1.6591403E+03  3.0085054E+04  3.1317146-317  8.1737136E+06
  3.0273355E-07  4.9426197E+01  6.7257622E+04  4.0335514E+04  4.2565409E+04  1.6591403E+03  3.0176485E+04  3.1317146-317  8.1737921E+06
  3.0947827E-07  5.0527382E+01  6.7260685E+04  4.0327808E+04  4.2557330E+04  1.6591403E+03  3.0262782E+04  3.1317146-317  8.1738663E+06
  3.1622298E-07  5.1628567E+01  6.7264360E+04  4.0318620E+04  4.2547705E+04  1.6591403E+03  3.0366232E+04  3.1317146-317  8.1739551E+06
  3.2296767E-07  5.2729748E+01  6.7267773E+04  4.0310140E+04  4.2538826E+04  1.6591403E+03  3.0462269E+04  3.1317146-317  8.1740376E+06
  3.2971238E-07  5.3830933E+01  6.7270942E+04  4.0302309E+04  4.2530633E+04  1.6591403E+03  3.0551414E+04  3.1317146-317  8.1741143E+06
  3.3645710E-07  5.4932118E+01  6.7273885E+04  4.0295078E+04  4.2523071E+04  1.6591403E+03  3.0634144E+04  3.1317146-317  8.1741854E+06
  3.4320182E-07  5.6033303E+01  6.7276617E+04  4.0288397E+04  4.2516089E+04  1.6591403E+03  3.0710914E+04  3.1317146-317  8.1742513E+06
  3.4994650E-07  5.7134483E+01  6.7279152E+04  4.0282225E+04  4.2509641E+04  1.6591403E+03  3.0782139E+04  3.1317146-317  8.1743126E+06
  3.5815482E-07  5.8474625E+01  6.7281505E+04  4.0276522E+04  4.2503686E+04  1.6591403E+03  3.0848211E+04  3.1317146-317  8.1743694E+06
  3.6636311E-07  5.9814763E+01  6.7284140E+04  4.0270160E+04  4.2497046E+04  1.6591403E+03  3.0922202E+04  3.1317146-317  8.1744330E+06
  3.7457143E-07  6.1154905E+01  6.7286546E+04  4.0264379E+04  4.2491014E+04  1.6591403E+03  3.0989709E+04  3.1317146-317  8.1744910E+06
  3.8277973E-07  6.2495043E+01  6.7288741E+04  4.0259124E+04  4.2485534E+04  1.6591403E+03  3.1051292E+04  3.1317146-317  8.1745439E+06
  3.9098802E-07  6.3835181E+01  6.7290743E+04  4.0254347E+04  4.2480554E+04  1.6591403E+03  3.1107460E+04  3.1317146-317  8.1745922E+06
  3.9919634E-07  6.5175323E+01  6.7292570E+04  4.0250004E+04  4.2476028E+04  1.6591403E+03  3.1158683E+04  3.1317146-317  8.1746363E+06
  4.0740463E-07  6.6515461E+01  6.7294236E+04  4.0246054E+04  4.2471913E+04  1.6591403E+03  3.1205391E+04  3.1317146-317  8.1746764E+06
  4.1826737E-07  6.8288981E+01  6.7295755E+04  4.0242462E+04  4.2468173E+04  1.6591403E+03  3.1247969E+04  3.1317146-317  8.1747130E+06
  4.2913011E-07  7.0062501E+01  6.7297561E+04  4.0238202E+04  4.2463737E+04  1.6591403E+03  3.1298602E+04  3.1317146-317  8.1747566E+06
  4.3999286E-07  7.1836021E+01  6.7299160E+04  4.0234443E+04  4.2459825E+04  1.6591403E+03  3.1343393E+04  3.1317146-317  8.1747951E+06
  4.5085560E-07  7.3609541E+01  6.7300574E+04  4.0231126E+04  4.2456373E+04  1.6591403E+03  3.1383011E+04  3.1317146-317  8.1748292E+06
  4.6171831E-07  7.5383056E+01  6.7301825E+04  4.0228198E+04  4.2453328E+04  1.6591403E+03  3.1418047E+04  3.1317146-317  8.1748593E+06
  4.7258105E-07  7.7156577E+01  6.7302931E+04  4.0225614E+04  4.2450640E+04  1.6591403E+03  3.1449027E+04  3.1317146-317  8.1748859E+06
  4.8344382E-07  7.8930101E+01  6.7303909E+04  4.0223333E+04  4.2448268E+04  1.6591403E+03  3.1476426E+04  3.1317146-317  8.1749095E+06
  4.9650162E-07  8.1061999E+01  6.7304774E+04  4.0221318E+04  4.2446173E+04  1.6591403E+03  3.1500650E+04  3.1317146-317  8.1749303E+06
  5.0955941E-07  8.3193897E+01  6.7305683E+04  4.0219206E+04  4.2443978E+04  1.6591403E+03  3.1526083E+04  3.1317146-317  8.1749522E+06
  5.2261720E-07  8.5325796E+01  6.7306466E+04  4.0217388E+04  4.2442087E+04  1.6591403E+03  3.1548014E+04  3.1317146-317  8.1749710E+06
  5.3567500E-07  8.7457694E+01  6.7307141E+04  4.0215821E+04  4.2440459E+04  1.6591403E+03  3.1566922E+04  3.1317146-317  8.1749873E+06
  5.4873279E-07  8.9589592E+01  6.7307724E+04  4.0214472E+04  4.2439057E+04  1.6591403E+03  3.1583223E+04  3.1317146-317  8.1750013E+06
  5.6179059E-07  9.1721490E+01  6.7308226E+04  4.0213310E+04  4.2437850E+04  1.6591403E+03  3.1597276E+04  3.1317146-317  8.1750134E+06
  5.7484838E-07  9.3853388E+01  6.7308658E+04  4.0212309E+04  4.2436810E+04  1.6591403E+03  3.1609390E+04  3.1317146-317  8.1750238E+06
  5.9074967E-07  9.6449534E+01  6.7309031E+04  4.0211447E+04  4.2435914E+04  1.6591403E+03  3.1619832E+04  3.1317146-317  8.1750328E+06
  6.0665097E-07  9.9045680E+01  6.7309417E+04  4.0210556E+04  4.2434988E+04  1.6591403E+03  3.1630624E+04  3.1317146-317  8.1750421E+06
  6.2255232E-07  1.0164184E+02  6.7309739E+04  4.0209813E+04  4.2434217E+04  1.6591403E+03  3.1639629E+04  3.1317146-317  8.1750498E+06
  6.3845362E-07  1.0423798E+02  6.7310007E+04  4.0209193E+04  4.2433573E+04  1.6591403E+03  3.1647146E+04  3.1317146-317  8.1750563E+06
  6.5435491E-07  1.0683413E+02  6.7310232E+04  4.0208676E+04  4.2433036E+04  1.6591403E+03  3.1653422E+04  3.1317146-317  8.1750617E+06
  6.7025626E-07  1.0943028E+02  6.7310418E+04  4.0208245E+04  4.2432588E+04  1.6591403E+03  3.1658651E+04  3.1317146-317  8.1750662E+06
  6.8615756E-07  1.1202643E+02  6.7310574E+04  4.0207885E+04  4.2432215E+04  1.6591403E+03  3.1663015E+04  3.1317146-317  8.1750699E+06
  7.0604703E-07  1.1527371E+02  6.7310704E+04  4.0207586E+04  4.2431903E+04  1.6591403E+03  3.1666653E+04  3.1317146-317  8.1750731E+06
  7.2593651E-07  1.1852099E+02  6.7310837E+04  4.0207280E+04  4.2431585E+04  1.6591403E+03  3.1670372E+04  3.1317146-317  8.1750763E+06
  7.4582605E-07  1.2176829E+02  6.7310943E+04  4.0207035E+04  4.2431332E+04  1.6591403E+03  3.1673338E+04  3.1317146-317  8.1750788E+06
  7.6571553E-07  1.2501557E+02  6.7311028E+04  4.0206841E+04  4.2431130E+04  1.6591403E+03  3.1675702E+04  3.1317146-317  8.1750808E+06
  7.8560500E-07  1.2826285E+02  6.7311095E+04  4.0206686E+04  4.2430969E+04  1.6591403E+03  3.1677584E+04  3.1317146-317  8.1750825E+06
  8.0549454E-07  1.3151014E+02  6.7311149E+04  4.0206562E+04  4.2430841E+04  1.6591403E+03  3.1679083E+04  3.1317146-317  8.1750837E+06
  8.2538402E-07  1.3475742E+02  6.7311191E+04  4.0206464E+04  4.2430739E+04  1.6591403E+03  3.1680277E+04  3.1317146-317  8.1750848E+06
  8.5155688E-07  1.3903057E+02  6.7311225E+04  4.0206386E+04  4.2430657E+04  1.6591403E+03  3.1681226E+04  3.1317146-317  8.1750856E+06
  8.7772975E-07  1.4330372E+02  6.7311260E+04  4.0206307E+04  4.2430575E+04  1.6591403E+03  3.1682190E+04  3.1317146-317  8.1750864E+06
  9.0390262E-07  1.4757687E+02  6.7311285E+04  4.0206248E+04  4.2430514E+04  1.6591403E+03  3.1682906E+04  3.1317146-317  8.1750870E+06
  9.3007548E-07  1.5185002E+02  6.7311304E+04  4.0206204E+04  4.2430469E+04  1.6591403E+03  3.1683438E+04  3.1317146-317  8.1750875E+06
  9.5624829E-07  1.5612315E+02  6.7311318E+04  4.0206172E+04  4.2430435E+04  1.6591403E+03  3.1683833E+04  3.1317146-317  8.1750878E+06
  9.8242116E-07  1.6039630E+02  6.7311329E+04  4.0206147E+04  4.2430410E+04  1.6591403E+03  3.1684127E+04  3.1317146-317  8.1750881E+06
  1.0085940E-06  1.6466945E+02  6.7311337E+04  4.0206130E+04  4.2430391E+04  1.6591403E+03  3.1684345E+04  3.1317146-317  8.1750883E+06
  1.0403456E-06  1.6985341E+02  6.7311342E+04  4.0206116E+04  4.2430377E+04  1.6591403E+03  3.1684507E+04  3.1317146-317  8.1750884E+06
  1.0720971E-06  1.7503737E+02  6.7311347E+04  4.0206104E+04  4.2430365E+04  1.6591403E+03  3.1684650E+04  3.1317146-317  8.1750885E+06
  1.1038487E-06  1.8022133E+02  6.7311351E+04  4.0206096E+04  4.2430356E+04  1.6591403E+03  3.1684750E+04  3.1317146-317  8.1750886E+06
  1.1356001E-06  1.8540527E+02  6.7311354E+04  4.0206090E+04  4.2430350E+04  1.6591403E+03  3.1684820E+04  3.1317146-317  8.1750887E+06
  1.1673517E-06  1.9058923E+02  6.7311355E+04  4.0206086E+04  4.2430346E+04  1.6591403E+03  3.1684869E+04  3.1317146-317  8.1750887E+06
  1.1991032E-06  1.9577319E+02  6.7311357E+04  4.0206084E+04  4.2430343E+04  1.6591403E+03  3.1684904E+04  3.1317146-317  8.1750888E+06
  1.2249923E-06  2.0000000E+02  6.7311357E+04  4.0206082E+04  4.2430341E+04  1.6591403E+03  3.1684928E+04  3.1317146-317  8.1750888E+06
