  7.3136046E-15  1.1940654E-06  6.7166581E+02  6.7961982E-07  2.3714272E-03  1.9081575E-01
  1.4627209E-14  2.3881308E-06  6.7166581E+02  6.7961982E-07  2.3714272E-03  1.9081575E-01
  2.1940812E-14  3.5821960E-06  6.7166581E+02  6.7961981E-07  2.3714272E-03  1.9081576E-01
  5.4102894E-14  8.8331812E-06  6.7166581E+02  6.7961982E-07  2.3714272E-03  1.9081575E-01
  8.6264976E-14  1.4084166E-05  6.7166581E+02  6.7961982E-07  2.3714272E-03  1.9081575E-01
  1.1842705E-13  1.9335151E-05  6.7166580E+02  6.7961982E-07  2.3714272E-03  1.9081575E-01
  1.5058913E-13  2.4586136E-05  6.7166580E+02  6.7961982E-07  2.3714272E-03  1.9081575E-01
  2.6294898E-13  4.2930717E-05  6.7166579E+02  6.7961982E-07  2.3714272E-03  1.9081575E-01
  3.7530882E-13  6.1275295E-05  6.7166577E+02  6.7961980E-07  2.3714270E-03  1.9081572E-01
  4.8766865E-13  7.9619874E-05  6.7166575E+02  6.7961977E-07  2.3714269E-03  1.9081571E-01
  6.0002849E-13  9.7964452E-05  6.7166574E+02  6.7961979E-07  2.3714269E-03  1.9081570E-01
  8.7988670E-13  1.4365588E-04  6.7166572E+02  6.7961978E-07  2.3714268E-03  1.9081569E-01
  1.1597449E-12  1.8934729E-04  6.7166567E+02  6.7961971E-07  2.3714262E-03  1.9081560E-01
  1.4396030E-12  2.3503871E-04  6.7166563E+02  6.7961964E-07  2.3714254E-03  1.9081546E-01
  1.7194613E-12  2.8073014E-04  6.7166559E+02  6.7961942E-07  2.3714246E-03  1.9081540E-01
  1.9993194E-12  3.2642155E-04  6.7166554E+02  6.7961931E-07  2.3714238E-03  1.9081529E-01
  2.5474033E-12  4.1590520E-04  6.7166550E+02  6.7961919E-07  2.3714230E-03  1.9081519E-01
  3.0954870E-12  5.0538882E-04  6.7166541E+02  6.7961863E-07  2.3714195E-03  1.9081479E-01
  3.6435709E-12  5.9487247E-04  6.7166532E+02  6.7961822E-07  2.3714170E-03  1.9081442E-01
  4.1916548E-12  6.8435612E-04  6.7166524E+02  6.7961786E-07  2.3714143E-03  1.9081401E-01
  4.7397387E-12  7.7383976E-04  6.7166515E+02  6.7961748E-07  2.3714119E-03  1.9081367E-01
  5.2878222E-12  8.6332334E-04  6.7166506E+02  6.7961706E-07  2.3714090E-03  1.9081330E-01
  6.1990093E-12  1.0120895E-03  6.7166497E+02  6.7961663E-07  2.3714062E-03  1.9081292E-01
  7.1101960E-12  1.1608556E-03  6.7166483E+02  6.7961535E-07  2.3713977E-03  1.9081179E-01
  8.0213832E-12  1.3096218E-03  6.7166468E+02  6.7961407E-07  2.3713889E-03  1.9081058E-01
  8.9325695E-12  1.4583879E-03  6.7166454E+02  6.7961297E-07  2.3713814E-03  1.9080955E-01
  9.8437567E-12  1.6071541E-03  6.7166439E+02  6.7961176E-07  2.3713734E-03  1.9080851E-01
  1.0754944E-11  1.7559203E-03  6.7166424E+02  6.7961055E-07  2.3713654E-03  1.9080744E-01
  1.1666131E-11  1.9046865E-03  6.7166410E+02  6.7960934E-07  2.3713573E-03  1.9080638E-01
  1.2940790E-11  2.1127954E-03  6.7166395E+02  6.7960813E-07  2.3713493E-03  1.9080534E-01
  1.4215450E-11  2.3209044E-03  6.7166375E+02  6.7960579E-07  2.3713338E-03  1.9080328E-01
  1.5490110E-11  2.5290135E-03  6.7166354E+02  6.7960343E-07  2.3713180E-03  1.9080116E-01
  1.6764769E-11  2.7371224E-03  6.7166334E+02  6.7960105E-07  2.3713019E-03  1.9079904E-01
  1.8039430E-11  2.9452316E-03  6.7166313E+02  6.7959881E-07  2.3712862E-03  1.9079688E-01
  1.9314089E-11  3.1533405E-03  6.7166293E+02  6.7959648E-07  2.3712704E-03  1.9079475E-01
  2.0588748E-11  3.3614494E-03  6.7166272E+02  6.7959418E-07  2.3712548E-03  1.9079266E-01
  2.1989660E-11  3.5901712E-03  6.7166251E+02  6.7959182E-07  2.3712390E-03  1.9079057E-01
  2.3390574E-11  3.8188932E-03  6.7166229E+02  6.7958899E-07  2.3712198E-03  1.9078800E-01
  2.4791485E-11  4.0476150E-03  6.7166206E+02  6.7958615E-07  2.3712008E-03  1.9078545E-01
  2.6192397E-11  4.2763367E-03  6.7166183E+02  6.7958333E-07  2.3711817E-03  1.9078290E-01
  2.7593309E-11  4.5050585E-03  6.7166161E+02  6.7958051E-07  2.3711628E-03  1.9078037E-01
  2.8994221E-11  4.7337802E-03  6.7166138E+02  6.7957767E-07  2.3711438E-03  1.9077785E-01
  3.0395135E-11  4.9625023E-03  6.7166115E+02  6.7957489E-07  2.3711251E-03  1.9077535E-01
  3.2053601E-11  5.2332740E-03  6.7166092E+02  6.7957212E-07  2.3711065E-03  1.9077286E-01
  3.3712071E-11  5.5040462E-03  6.7166065E+02  6.7956815E-07  2.3710799E-03  1.9076930E-01
  3.5370537E-11  5.7748179E-03  6.7166038E+02  6.7956421E-07  2.3710535E-03  1.9076575E-01
  3.7029006E-11  6.0455901E-03  6.7166011E+02  6.7956025E-07  2.3710271E-03  1.9076223E-01
  3.8687476E-11  6.3163624E-03  6.7165984E+02  6.7955633E-07  2.3710009E-03  1.9075872E-01
  4.0345942E-11  6.5871341E-03  6.7165956E+02  6.7955244E-07  2.3709749E-03  1.9075524E-01
  4.2004412E-11  6.8579063E-03  6.7165929E+02  6.7954861E-07  2.3709490E-03  1.9075175E-01
  4.3957530E-11  7.1767848E-03  6.7165902E+02  6.7954476E-07  2.3709233E-03  1.9074831E-01
  4.5910648E-11  7.4956633E-03  6.7165869E+02  6.7953927E-07  2.3708867E-03  1.9074340E-01
  4.7863767E-11  7.8145418E-03  6.7165837E+02  6.7953378E-07  2.3708502E-03  1.9073851E-01
  4.9816882E-11  8.1334197E-03  6.7165805E+02  6.7952834E-07  2.3708140E-03  1.9073365E-01
  5.1770000E-11  8.4522982E-03  6.7165772E+02  6.7952289E-07  2.3707780E-03  1.9072882E-01
  5.3723119E-11  8.7711767E-03  6.7165740E+02  6.7951751E-07  2.3707421E-03  1.9072399E-01
  5.5676237E-11  9.0900551E-03  6.7165707E+02  6.7951215E-07  2.3707065E-03  1.9071921E-01
  5.7962810E-11  9.4633756E-03  6.7165675E+02  6.7950682E-07  2.3706712E-03  1.9071447E-01
  6.0249384E-11  9.8366961E-03  6.7165637E+02  6.7949926E-07  2.3706212E-03  1.9070776E-01
  6.2535954E-11  1.0210016E-02  6.7165598E+02  6.7949175E-07  2.3705716E-03  1.9070109E-01
  6.4822531E-11  1.0583337E-02  6.7165560E+02  6.7948426E-07  2.3705222E-03  1.9069447E-01
  6.7109101E-11  1.0956657E-02  6.7165522E+02  6.7947678E-07  2.3704731E-03  1.9068788E-01
  6.9395678E-11  1.1329978E-02  6.7165483E+02  6.7946938E-07  2.3704244E-03  1.9068133E-01
  7.1682248E-11  1.1703298E-02  6.7165445E+02  6.7946204E-07  2.3703760E-03  1.9067482E-01
  7.4390159E-11  1.2145409E-02  6.7165406E+02  6.7945472E-07  2.3703280E-03  1.9066836E-01
  7.7098071E-11  1.2587519E-02  6.7165360E+02  6.7944399E-07  2.3702578E-03  1.9065892E-01
  7.9805982E-11  1.3029630E-02  6.7165314E+02  6.7943330E-07  2.3701879E-03  1.9064953E-01
  8.2513900E-11  1.3471742E-02  6.7165268E+02  6.7942267E-07  2.3701185E-03  1.9064022E-01
  8.5221811E-11  1.3913853E-02  6.7165222E+02  6.7941208E-07  2.3700495E-03  1.9063094E-01
  8.7929723E-11  1.4355964E-02  6.7165176E+02  6.7940157E-07  2.3699810E-03  1.9062172E-01
  9.0637634E-11  1.4798074E-02  6.7165129E+02  6.7939111E-07  2.3699130E-03  1.9061257E-01
  9.3877494E-11  1.5327034E-02  6.7165083E+02  6.7938071E-07  2.3698454E-03  1.9060347E-01
  9.7117360E-11  1.5855995E-02  6.7165027E+02  6.7936502E-07  2.3697436E-03  1.9058975E-01
  1.0035723E-10  1.6384957E-02  6.7164971E+02  6.7934944E-07  2.3696427E-03  1.9057614E-01
  1.0359709E-10  1.6913918E-02  6.7164915E+02  6.7933388E-07  2.3695422E-03  1.9056260E-01
  1.0683696E-10  1.7442879E-02  6.7164859E+02  6.7931839E-07  2.3694423E-03  1.9054914E-01
  1.1007683E-10  1.7971840E-02  6.7164803E+02  6.7930298E-07  2.3693430E-03  1.9053575E-01
  1.1331669E-10  1.8500800E-02  6.7164746E+02  6.7928763E-07  2.3692442E-03  1.9052245E-01
  1.1723797E-10  1.9141014E-02  6.7164690E+02  6.7927238E-07  2.3691462E-03  1.9050923E-01
  1.2115925E-10  1.9781227E-02  6.7164621E+02  6.7925058E-07  2.3690064E-03  1.9049038E-01
  1.2508053E-10  2.0421440E-02  6.7164552E+02  6.7922886E-07  2.3688674E-03  1.9047164E-01
  1.2900180E-10  2.1061651E-02  6.7164483E+02  6.7920725E-07  2.3687294E-03  1.9045300E-01
  1.3292308E-10  2.1701864E-02  6.7164414E+02  6.7918573E-07  2.3685922E-03  1.9043448E-01
  1.3684436E-10  2.2342077E-02  6.7164344E+02  6.7916432E-07  2.3684557E-03  1.9041605E-01
  1.4076564E-10  2.2982290E-02  6.7164274E+02  6.7914297E-07  2.3683199E-03  1.9039773E-01
  1.4557518E-10  2.3767527E-02  6.7164204E+02  6.7912173E-07  2.3681852E-03  1.9037955E-01
  1.5038473E-10  2.4552763E-02  6.7164118E+02  6.7909097E-07  2.3679902E-03  1.9035317E-01
  1.5519427E-10  2.5338000E-02  6.7164032E+02  6.7906028E-07  2.3677957E-03  1.9032680E-01
  1.6000380E-10  2.6123234E-02  6.7163945E+02  6.7902953E-07  2.3676018E-03  1.9030057E-01
  1.6481334E-10  2.6908470E-02  6.7163858E+02  6.7899874E-07  2.3674079E-03  1.9027436E-01
  1.6962289E-10  2.7693707E-02  6.7163770E+02  6.7896808E-07  2.3672151E-03  1.9024825E-01
  1.7443243E-10  2.8478943E-02  6.7163683E+02  6.7893738E-07  2.3670226E-03  1.9022222E-01
  1.8038282E-10  2.9450442E-02  6.7163595E+02  6.7890680E-07  2.3668311E-03  1.9019627E-01
  1.8633323E-10  3.0421944E-02  6.7163485E+02  6.7886176E-07  2.3665499E-03  1.9015820E-01
  1.9228364E-10  3.1393445E-02  6.7163375E+02  6.7881657E-07  2.3662683E-03  1.9012005E-01
  1.9823405E-10  3.2364947E-02  6.7163265E+02  6.7877131E-07  2.3659872E-03  1.9008196E-01
  2.0418446E-10  3.3336448E-02  6.7163154E+02  6.7872585E-07  2.3657054E-03  1.9004379E-01
  2.1013487E-10  3.4307949E-02  6.7163043E+02  6.7868029E-07  2.3654237E-03  1.9000559E-01
  2.1608526E-10  3.5279449E-02  6.7162931E+02  6.7863465E-07  2.3651422E-03  1.8996742E-01
  2.2328180E-10  3.6454402E-02  6.7162819E+02  6.7858888E-07  2.3648605E-03  1.8992919E-01
  2.3047835E-10  3.7629355E-02  6.7162683E+02  6.7852437E-07  2.3644646E-03  1.8987544E-01
  2.3767491E-10  3.8804311E-02  6.7162546E+02  6.7845948E-07  2.3640673E-03  1.8982149E-01
  2.4487145E-10  3.9979264E-02  6.7162408E+02  6.7839421E-07  2.3636689E-03  1.8976735E-01
  2.5206799E-10  4.1154217E-02  6.7162269E+02  6.7832856E-07  2.3632691E-03  1.8971303E-01
  2.5926454E-10  4.2329171E-02  6.7162130E+02  6.7826255E-07  2.3628682E-03  1.8965852E-01
  2.6646108E-10  4.3504124E-02  6.7161990E+02  6.7820842E-07  2.3625396E-03  1.8961383E-01
  2.7522483E-10  4.4934949E-02  6.7161850E+02  6.7815374E-07  2.3622085E-03  1.8956879E-01
  2.8398861E-10  4.6365779E-02  6.7161678E+02  6.7807690E-07  2.3617446E-03  1.8950566E-01
  2.9275238E-10  4.7796608E-02  6.7161505E+02  6.7799935E-07  2.3612780E-03  1.8944214E-01
  3.0151613E-10  4.9227434E-02  6.7161331E+02  6.7792124E-07  2.3608094E-03  1.8937832E-01
  3.1027991E-10  5.0658263E-02  6.7161156E+02  6.7784257E-07  2.3603390E-03  1.8931421E-01
  3.1904368E-10  5.2089093E-02  6.7160979E+02  6.7776334E-07  2.3598667E-03  1.8924983E-01
  3.2780743E-10  5.3519918E-02  6.7160802E+02  6.7768356E-07  2.3593926E-03  1.8918516E-01
  3.3838534E-10  5.5246934E-02  6.7160624E+02  6.7760323E-07  2.3589167E-03  1.8912022E-01
  3.4896322E-10  5.6973946E-02  6.7160408E+02  6.7750212E-07  2.3583200E-03  1.8903876E-01
  3.5954110E-10  5.8700957E-02  6.7160190E+02  6.7740033E-07  2.3577214E-03  1.8895699E-01
  3.7011901E-10  6.0427973E-02  6.7159970E+02  6.7729784E-07  2.3571208E-03  1.8887491E-01
  3.8069688E-10  6.2154985E-02  6.7159749E+02  6.7719467E-07  2.3565183E-03  1.8879254E-01
  3.9127476E-10  6.3881997E-02  6.7159527E+02  6.7709082E-07  2.3559139E-03  1.8870985E-01
  4.0185264E-10  6.5609008E-02  6.7159303E+02  6.7698629E-07  2.3553077E-03  1.8862688E-01
  4.1386475E-10  6.7570181E-02  6.7159078E+02  6.7688108E-07  2.3546995E-03  1.8854360E-01
  4.2587686E-10  6.9531355E-02  6.7158820E+02  6.7676107E-07  2.3540084E-03  1.8844891E-01
  4.3788897E-10  7.1492528E-02  6.7158561E+02  6.7664030E-07  2.3533154E-03  1.8835392E-01
  4.4990108E-10  7.3453701E-02  6.7158299E+02  6.7651877E-07  2.3526206E-03  1.8825861E-01
  4.6191319E-10  7.5414874E-02  6.7158036E+02  6.7639643E-07  2.3519237E-03  1.8816300E-01
  4.7392530E-10  7.7376047E-02  6.7157771E+02  6.7627333E-07  2.3512249E-03  1.8806706E-01
  4.8593741E-10  7.9337220E-02  6.7157503E+02  6.7614944E-07  2.3505241E-03  1.8797080E-01
  4.9963782E-10  8.1574036E-02  6.7157234E+02  6.7602475E-07  2.3498213E-03  1.8787421E-01
  5.1333823E-10  8.3810852E-02  6.7156925E+02  6.7588528E-07  2.3490380E-03  1.8776651E-01
  5.2703864E-10  8.6047667E-02  6.7156614E+02  6.7574494E-07  2.3482528E-03  1.8765850E-01
  5.4073905E-10  8.8284483E-02  6.7156299E+02  6.7560371E-07  2.3474656E-03  1.8755015E-01
  5.5443946E-10  9.0521299E-02  6.7155983E+02  6.7546157E-07  2.3466763E-03  1.8744145E-01
  5.6813987E-10  9.2758114E-02  6.7155664E+02  6.7531854E-07  2.3458850E-03  1.8733241E-01
  5.8184028E-10  9.4994930E-02  6.7155342E+02  6.7517458E-07  2.3450914E-03  1.8722300E-01
  5.9763633E-10  9.7573894E-02  6.7155018E+02  6.7502968E-07  2.3442954E-03  1.8711323E-01
  6.1343244E-10  1.0015287E-01  6.7154641E+02  6.7487123E-07  2.3434283E-03  1.8699356E-01
  6.2922855E-10  1.0273184E-01  6.7154261E+02  6.7471177E-07  2.3425591E-03  1.8687356E-01
  6.4502461E-10  1.0531080E-01  6.7153878E+02  6.7455133E-07  2.3416880E-03  1.8675321E-01
  6.6082071E-10  1.0788978E-01  6.7153491E+02  6.7438987E-07  2.3408148E-03  1.8663250E-01
  6.7661682E-10  1.1046875E-01  6.7153102E+02  6.7422737E-07  2.3399392E-03  1.8651142E-01
  6.9241288E-10  1.1304771E-01  6.7152708E+02  6.7406382E-07  2.3390612E-03  1.8638994E-01
  7.1078175E-10  1.1604673E-01  6.7152312E+02  6.7389919E-07  2.3381807E-03  1.8626804E-01
  7.2915063E-10  1.1904575E-01  6.7151847E+02  6.7372661E-07  2.3372612E-03  1.8614067E-01
  7.4751951E-10  1.2204477E-01  6.7151377E+02  6.7355303E-07  2.3363401E-03  1.8601303E-01
  7.6588839E-10  1.2504379E-01  6.7150903E+02  6.7337844E-07  2.3354175E-03  1.8588509E-01
  7.8425721E-10  1.2804280E-01  6.7150424E+02  6.7320283E-07  2.3344932E-03  1.8575684E-01
  8.0262609E-10  1.3104182E-01  6.7149941E+02  6.7302615E-07  2.3335668E-03  1.8562824E-01
  8.2099497E-10  1.3404084E-01  6.7149453E+02  6.7284838E-07  2.3326384E-03  1.8549929E-01
  8.4160432E-10  1.3740565E-01  6.7148961E+02  6.7266947E-07  2.3317076E-03  1.8536994E-01
  8.6221367E-10  1.4077047E-01  6.7148404E+02  6.7247529E-07  2.3307019E-03  1.8523010E-01
  8.8282302E-10  1.4413528E-01  6.7147841E+02  6.7227892E-07  2.3296891E-03  1.8508919E-01
  9.0343231E-10  1.4750008E-01  6.7147272E+02  6.7208033E-07  2.3286690E-03  1.8494717E-01
  9.2404166E-10  1.5086489E-01  6.7146697E+02  6.7187946E-07  2.3276413E-03  1.8480404E-01
  9.4465101E-10  1.5422971E-01  6.7146117E+02  6.7167629E-07  2.3266060E-03  1.8465975E-01
  9.6526030E-10  1.5759451E-01  6.7145531E+02  6.7147078E-07  2.3255627E-03  1.8451428E-01
  9.8944491E-10  1.6154304E-01  6.7144940E+02  6.7126285E-07  2.3245113E-03  1.8436760E-01
  1.0136294E-09  1.6549156E-01  6.7144238E+02  6.7103524E-07  2.3233656E-03  1.8420768E-01
  1.0378140E-09  1.6944009E-01  6.7143529E+02  6.7080467E-07  2.3222100E-03  1.8404629E-01
  1.0619985E-09  1.7338861E-01  6.7142812E+02  6.7057115E-07  2.3210445E-03  1.8388340E-01
  1.0861830E-09  1.7733712E-01  6.7142087E+02  6.7033456E-07  2.3198686E-03  1.8371899E-01
  1.1103676E-09  1.8128565E-01  6.7141354E+02  6.7009489E-07  2.3186821E-03  1.8355300E-01
  1.1345521E-09  1.8523417E-01  6.7140613E+02  6.6985206E-07  2.3174847E-03  1.8338539E-01
  1.1622163E-09  1.8975080E-01  6.7139864E+02  6.6960601E-07  2.3162762E-03  1.8321615E-01
  1.1898806E-09  1.9426744E-01  6.7138998E+02  6.6934783E-07  2.3150134E-03  1.8303919E-01
  1.2175448E-09  1.9878407E-01  6.7138122E+02  6.6908596E-07  2.3137380E-03  1.8286035E-01
  1.2452090E-09  2.0330071E-01  6.7137235E+02  6.6882034E-07  2.3124497E-03  1.8267964E-01
  1.2728732E-09  2.0781735E-01  6.7136338E+02  6.6855093E-07  2.3111483E-03  1.8249697E-01
  1.3005375E-09  2.1233398E-01  6.7135430E+02  6.6827760E-07  2.3098333E-03  1.8231230E-01
  1.3282018E-09  2.1685064E-01  6.7134513E+02  6.6800029E-07  2.3085044E-03  1.8212559E-01
  1.3519917E-09  2.2073474E-01  6.7133584E+02  6.6771895E-07  2.3071614E-03  1.8193680E-01
  1.3757817E-09  2.2461883E-01  6.7132778E+02  6.6744297E-07  2.3058484E-03  1.8175215E-01
  1.3995717E-09  2.2850295E-01  6.7131963E+02  6.6716325E-07  2.3045219E-03  1.8156554E-01
  1.4233617E-09  2.3238705E-01  6.7131141E+02  6.6687977E-07  2.3031818E-03  1.8137693E-01
  1.4471516E-09  2.3627114E-01  6.7130311E+02  6.6659249E-07  2.3018279E-03  1.8118629E-01
  1.4709417E-09  2.4015526E-01  6.7129474E+02  6.6630134E-07  2.3004599E-03  1.8099361E-01
  1.4991328E-09  2.4475792E-01  6.7128629E+02  6.6600627E-07  2.2990776E-03  1.8079882E-01
  1.5273240E-09  2.4936059E-01  6.7127617E+02  6.6569820E-07  2.2976391E-03  1.8059604E-01
  1.5555151E-09  2.5396325E-01  6.7126595E+02  6.6538544E-07  2.2961838E-03  1.8039081E-01
  1.5837062E-09  2.5856591E-01  6.7125561E+02  6.6506911E-07  2.2947167E-03  1.8018380E-01
  1.6118975E-09  2.6316860E-01  6.7124517E+02  6.6474921E-07  2.2932379E-03  1.7997507E-01
  1.6400886E-09  2.6777126E-01  6.7123462E+02  6.6442574E-07  2.2917473E-03  1.7976456E-01
  1.6734516E-09  2.7321830E-01  6.7122396E+02  6.6409856E-07  2.2902446E-03  1.7955228E-01
  1.7068146E-09  2.7866536E-01  6.7121121E+02  6.6375136E-07  2.2886564E-03  1.7932781E-01
  1.7401775E-09  2.8411241E-01  6.7119830E+02  6.6339977E-07  2.2870540E-03  1.7910123E-01
  1.7735405E-09  2.8955945E-01  6.7118524E+02  6.6304376E-07  2.2854371E-03  1.7887248E-01
  1.8069035E-09  2.9500651E-01  6.7117203E+02  6.6268322E-07  2.2838053E-03  1.7864154E-01
  1.8402664E-09  3.0045355E-01  6.7115866E+02  6.6231812E-07  2.2821583E-03  1.7840834E-01
  1.8736295E-09  3.0590062E-01  6.7114514E+02  6.6194838E-07  2.2804959E-03  1.7817287E-01
  1.9139256E-09  3.1247962E-01  6.7113147E+02  6.6157392E-07  2.2788176E-03  1.7793505E-01
  1.9542219E-09  3.1905865E-01  6.7111475E+02  6.6118556E-07  2.2770841E-03  1.7768927E-01
  1.9945183E-09  3.2563769E-01  6.7109781E+02  6.6079121E-07  2.2753303E-03  1.7744054E-01
  2.0348146E-09  3.3221673E-01  6.7108064E+02  6.6039079E-07  2.2735560E-03  1.7718878E-01
  2.0751108E-09  3.3879573E-01  6.7106325E+02  6.5998419E-07  2.2717608E-03  1.7693393E-01
  2.1154071E-09  3.4537476E-01  6.7104564E+02  6.5957130E-07  2.2699441E-03  1.7667593E-01
  2.1557034E-09  3.5195380E-01  6.7102780E+02  6.5915203E-07  2.2681055E-03  1.7641472E-01
  2.2093117E-09  3.6070622E-01  6.7100973E+02  6.5872625E-07  2.2662446E-03  1.7615022E-01
  2.2629202E-09  3.6945868E-01  6.7098535E+02  6.5827027E-07  2.2642659E-03  1.7586874E-01
  2.3165284E-09  3.7821110E-01  6.7096058E+02  6.5780462E-07  2.2622538E-03  1.7558238E-01
  2.3701366E-09  3.8696352E-01  6.7093540E+02  6.5732918E-07  2.2602076E-03  1.7529102E-01
  2.4237451E-09  3.9571598E-01  6.7090982E+02  6.5684376E-07  2.2581266E-03  1.7499456E-01
  2.4773533E-09  4.0446840E-01  6.7088385E+02  6.5634816E-07  2.2560101E-03  1.7469291E-01
  2.5309616E-09  4.1322082E-01  6.7085747E+02  6.5584220E-07  2.2538574E-03  1.7438597E-01
  2.5918811E-09  4.2316692E-01  6.7083069E+02  6.5532573E-07  2.2516677E-03  1.7407363E-01
  2.6528003E-09  4.3311299E-01  6.7079978E+02  6.5478280E-07  2.2493794E-03  1.7374698E-01
  2.7137196E-09  4.4305905E-01  6.7076835E+02  6.5422759E-07  2.2470480E-03  1.7341406E-01
  2.7746389E-09  4.5300512E-01  6.7073641E+02  6.5365989E-07  2.2446728E-03  1.7307476E-01
  2.8355581E-09  4.6295118E-01  6.7070394E+02  6.5307950E-07  2.2422529E-03  1.7272893E-01
  2.8964774E-09  4.7289725E-01  6.7067096E+02  6.5248613E-07  2.2397874E-03  1.7237645E-01
  2.9573967E-09  4.8284331E-01  6.7063746E+02  6.5187960E-07  2.2372754E-03  1.7201719E-01
  3.0099692E-09  4.9142665E-01  6.7060344E+02  6.5125964E-07  2.2347162E-03  1.7165105E-01
  3.0625416E-09  5.0000994E-01  6.7057367E+02  6.5064389E-07  2.2321770E-03  1.7128775E-01
  3.1151142E-09  5.0859327E-01  6.7054351E+02  6.5001607E-07  2.2295951E-03  1.7091822E-01
  3.1676865E-09  5.1717657E-01  6.7051296E+02  6.4937601E-07  2.2269698E-03  1.7054239E-01
  3.2202591E-09  5.2575990E-01  6.7048203E+02  6.4872355E-07  2.2243005E-03  1.7016015E-01
  3.2728315E-09  5.3434320E-01  6.7045071E+02  6.4805853E-07  2.2215866E-03  1.6977141E-01
  3.3341732E-09  5.4435824E-01  6.7041900E+02  6.4738074E-07  2.2188273E-03  1.6937608E-01
  3.3955147E-09  5.5437324E-01  6.7038152E+02  6.4667232E-07  2.2159549E-03  1.6896435E-01
  3.4568564E-09  5.6438828E-01  6.7034351E+02  6.4594868E-07  2.2130285E-03  1.6854478E-01
  3.5181979E-09  5.7440328E-01  6.7030498E+02  6.4520959E-07  2.2100474E-03  1.6811725E-01
  3.5795397E-09  5.8441832E-01  6.7026592E+02  6.4445482E-07  2.2070106E-03  1.6768163E-01
  3.6408812E-09  5.9443332E-01  6.7022633E+02  6.4368411E-07  2.2039173E-03  1.6723780E-01
  3.7176542E-09  6.0696777E-01  6.7018622E+02  6.4289724E-07  2.2007666E-03  1.6678561E-01
  3.7944268E-09  6.1950215E-01  6.7013527E+02  6.4198231E-07  2.1971460E-03  1.6626530E-01
  3.8711998E-09  6.3203660E-01  6.7008350E+02  6.4104347E-07  2.1934408E-03  1.6573268E-01
  3.9479724E-09  6.4457098E-01  6.7003091E+02  6.4008031E-07  2.1896493E-03  1.6518754E-01
  4.0247454E-09  6.5710543E-01  6.6997749E+02  6.3877773E-07  2.1845003E-03  1.6444763E-01
  4.1015184E-09  6.6963988E-01  6.6992325E+02  6.3744090E-07  2.1792296E-03  1.6369005E-01
  4.1782910E-09  6.8217426E-01  6.6986819E+02  6.3606925E-07  2.1738353E-03  1.6291453E-01
  4.2788234E-09  6.9858782E-01  6.6981230E+02  6.3466226E-07  2.1683155E-03  1.6212080E-01
  4.3793554E-09  7.1500130E-01  6.6973788E+02  6.3305426E-07  2.1620670E-03  1.6122130E-01
  4.4798878E-09  7.3141486E-01  6.6966204E+02  6.3139628E-07  2.1556419E-03  1.6029621E-01
  4.5804198E-09  7.4782835E-01  6.6958480E+02  6.2968727E-07  2.1490366E-03  1.5934497E-01
  4.6809522E-09  7.6424190E-01  6.6950615E+02  6.2792620E-07  2.1422473E-03  1.5836705E-01
  4.7814841E-09  7.8065539E-01  6.6942609E+02  6.2611201E-07  2.1352705E-03  1.5736193E-01
  4.8820165E-09  7.9706894E-01  6.6934463E+02  6.2424364E-07  2.1281023E-03  1.5632904E-01
  4.9883411E-09  8.1442817E-01  6.6926177E+02  6.2231995E-07  2.1207389E-03  1.5526785E-01
  5.0946662E-09  8.3178747E-01  6.6917260E+02  6.2029639E-07  2.1130205E-03  1.5415516E-01
  5.2009912E-09  8.4914677E-01  6.6908187E+02  6.1820897E-07  2.1050768E-03  1.5300982E-01
  5.3073158E-09  8.6650600E-01  6.6898957E+02  6.1605662E-07  2.0969041E-03  1.5183130E-01
  5.4136408E-09  8.8386530E-01  6.6889571E+02  6.1383826E-07  2.0884988E-03  1.5061909E-01
  5.5199659E-09  9.0122460E-01  6.6880029E+02  6.1155279E-07  2.0798570E-03  1.4937261E-01
  5.6262905E-09  9.1858382E-01  6.6870331E+02  6.0919912E-07  2.0709750E-03  1.4809135E-01
  5.7378760E-09  9.3680199E-01  6.6860477E+02  6.0677618E-07  2.0618491E-03  1.4677477E-01
  5.8494616E-09  9.5502015E-01  6.6849969E+02  6.0412749E-07  2.0519227E-03  1.4534205E-01
  5.9610467E-09  9.7323824E-01  6.6839289E+02  6.0140024E-07  2.0417204E-03  1.4386939E-01
  6.0726322E-09  9.9145641E-01  6.6828439E+02  5.9859320E-07  2.0312377E-03  1.4235617E-01
  6.1842178E-09  1.0096746E+00  6.6817419E+02  5.9570503E-07  2.0204702E-03  1.4080174E-01
  6.2958029E-09  1.0278927E+00  6.6806229E+02  5.9273446E-07  2.0094132E-03  1.3920545E-01
  6.4073885E-09  1.0461108E+00  6.6794868E+02  5.8968018E-07  1.9980625E-03  1.3756667E-01
  6.5650971E-09  1.0718593E+00  6.6783339E+02  5.8654081E-07  1.9864132E-03  1.3588473E-01
  6.7228058E-09  1.0976079E+00  6.6766755E+02  5.8207424E-07  1.9700793E-03  1.3352273E-01
  6.8805140E-09  1.1233563E+00  6.6749835E+02  5.7743913E-07  1.9531580E-03  1.3107579E-01
  7.0382226E-09  1.1491048E+00  6.6732579E+02  5.7263115E-07  1.9356342E-03  1.2854177E-01
  7.1959313E-09  1.1748533E+00  6.6714988E+02  5.6764585E-07  1.9174924E-03  1.2591849E-01
  7.3536395E-09  1.2006018E+00  6.6697062E+02  5.6247866E-07  1.8987169E-03  1.2320368E-01
  7.5113481E-09  1.2263503E+00  6.6678804E+02  5.5712489E-07  1.8792913E-03  1.2039500E-01
  7.6988073E-09  1.2569561E+00  6.6660214E+02  5.5157962E-07  1.8591987E-03  1.1749009E-01
  7.8862673E-09  1.2875620E+00  6.6637687E+02  5.4480786E-07  1.8348128E-03  1.1396267E-01
  8.0737265E-09  1.3181677E+00  6.6614694E+02  5.3778914E-07  1.8095695E-03  1.1031166E-01
  8.2611865E-09  1.3487736E+00  6.6591237E+02  5.3051822E-07  1.7834504E-03  1.0653451E-01
  8.4486457E-09  1.3793794E+00  6.6567318E+02  5.2298963E-07  1.7564365E-03  1.0262854E-01
  8.6361049E-09  1.4099852E+00  6.6542939E+02  5.1519808E-07  1.7285091E-03  9.8591125E-02
  8.8235649E-09  1.4405911E+00  6.6518102E+02  5.0713805E-07  1.6996488E-03  9.4419554E-02
  9.0491551E-09  1.4774224E+00  6.6492809E+02  4.9880397E-07  1.6698361E-03  9.0111104E-02
  9.2747454E-09  1.5142537E+00  6.6461768E+02  4.8819424E-07  1.6320947E-03  8.4654731E-02
  9.5003356E-09  1.5510850E+00  6.6430073E+02  4.7711421E-07  1.5927216E-03  7.8963834E-02
  9.7259259E-09  1.5879163E+00  6.6397727E+02  4.6555298E-07  1.5516786E-03  7.3033070E-02
  9.9515161E-09  1.6247476E+00  6.6364732E+02  4.5350057E-07  1.5089307E-03  6.6857578E-02
  1.0177106E-08  1.6615789E+00  6.6331093E+02  4.4094785E-07  1.4644457E-03  6.0432977E-02
  1.0402697E-08  1.6984101E+00  6.6296813E+02  4.2788679E-07  1.4181952E-03  5.3755381E-02
  1.0712557E-08  1.7489999E+00  6.6261896E+02  4.1431024E-07  1.3701537E-03  4.6821346E-02
  1.1022417E-08  1.7995897E+00  6.6212901E+02  3.9523022E-07  1.3030025E-03  3.7126403E-02
  1.1332278E-08  1.8501795E+00  6.6162719E+02  3.7517510E-07  1.2324694E-03  2.6948004E-02
  1.1642137E-08  1.9007691E+00  6.6111357E+02  3.5415471E-07  1.1585863E-03  1.6291461E-02
  1.1951998E-08  1.9513588E+00  6.6058824E+02  3.3218208E-07  1.0813960E-03  5.1636546E-03
  1.2261858E-08  2.0019486E+00  6.6005129E+02  3.0927061E-07  1.0009425E-03 -6.4282722E-03
  1.2571718E-08  2.0525384E+00  6.5950280E+02  2.8543223E-07  9.1726422E-04 -1.8478003E-02
  1.2881579E-08  2.1031282E+00  6.5894285E+02  2.6067503E-07  8.3038665E-04 -3.0981100E-02
  1.3191438E-08  2.1537178E+00  6.5837153E+02  2.3500150E-07  7.4031574E-04 -4.3935862E-02
  1.3501299E-08  2.2043075E+00  6.5778891E+02  2.0840773E-07  6.4703514E-04 -5.7343827E-02
  1.3811537E-08  2.2549591E+00  6.5719507E+02  1.8088264E-07  5.5050400E-04 -7.1210003E-02
  1.4121776E-08  2.3056106E+00  6.5658934E+02  1.5237456E-07  4.5054057E-04 -8.5559696E-02
  1.4432015E-08  2.3562622E+00  6.5597253E+02  1.2289248E-07  3.4717400E-04 -1.0038776E-01
  1.4742254E-08  2.4069137E+00  6.5534469E+02  9.2408495E-08  2.4030555E-04 -1.1570738E-01
  1.5052493E-08  2.4575654E+00  6.5470591E+02  6.0891717E-08  1.2982635E-04 -1.3153326E-01
  1.5362731E-08  2.5082168E+00  6.5405626E+02  2.8309445E-08  1.5621474E-05 -1.4788086E-01
  1.5672971E-08  2.5588685E+00  6.5339581E+02 -5.3708664E-09 -1.0242313E-04 -1.6476540E-01
  1.6063827E-08  2.6226822E+00  6.5272462E+02 -2.9178832E-08 -1.8619534E-04 -1.7672692E-01
  1.6454682E-08  2.6864956E+00  6.5186385E+02 -5.5744449E-08 -2.7956486E-04 -1.9005144E-01
  1.6845538E-08  2.7503092E+00  6.5098628E+02 -8.3980945E-08 -3.7875783E-04 -2.0419357E-01
  1.7236394E-08  2.8141229E+00  6.5009203E+02 -1.1387900E-07 -4.8374187E-04 -2.1914672E-01
  1.7627249E-08  2.8779363E+00  6.4918124E+02 -1.4541744E-07 -5.9444317E-04 -2.3489827E-01
  1.8018105E-08  2.9417499E+00  6.4825403E+02 -1.8125612E-07 -7.2012650E-04 -2.5276710E-01
  1.8408961E-08  3.0055636E+00  6.4731051E+02 -2.1880096E-07 -8.5176455E-04 -2.7146266E-01
  1.8888338E-08  3.0838298E+00  6.4635080E+02 -2.5801250E-07 -9.8922172E-04 -2.9096340E-01
  1.9367715E-08  3.1620959E+00  6.4515179E+02 -2.9915021E-07 -1.1334219E-03 -3.1139872E-01
  1.9847091E-08  3.2403618E+00  6.4392880E+02 -3.4224700E-07 -1.2844726E-03 -3.3277489E-01
  2.0326468E-08  3.3186279E+00  6.4268204E+02 -3.8724008E-07 -1.4421607E-03 -3.5505833E-01
  2.0805845E-08  3.3968941E+00  6.4141168E+02 -4.3407600E-07 -1.6063072E-03 -3.7822026E-01
  2.1285222E-08  3.4751602E+00  6.4011792E+02 -4.8271572E-07 -1.7767833E-03 -4.0223894E-01
  2.2156764E-08  3.6174536E+00  6.3880094E+02 -5.3313734E-07 -1.9535212E-03 -4.2710121E-01
  2.3028303E-08  3.7597467E+00  6.3634774E+02 -5.8475239E-07 -2.1354329E-03 -4.5266323E-01
  2.3899843E-08  3.9020397E+00  6.3381950E+02 -6.3959825E-07 -2.3288700E-03 -4.7976333E-01
  2.4771382E-08  4.0443328E+00  6.3121732E+02 -6.9779230E-07 -2.5342788E-03 -5.0845013E-01
  2.5642922E-08  4.1866259E+00  6.2854228E+02 -7.5953287E-07 -2.7524087E-03 -5.3881406E-01
  2.6514463E-08  4.3289193E+00  6.2579548E+02 -8.2507390E-07 -2.9842069E-03 -5.7097092E-01
  2.7823544E-08  4.5426481E+00  6.2297808E+02 -9.5791708E-07 -3.4552926E-03 -6.3612381E-01
  2.9132625E-08  4.7563769E+00  6.1861626E+02 -1.0951858E-06 -3.9454087E-03 -7.0367300E-01
  3.0441706E-08  4.9701057E+00  6.1410240E+02 -1.2451330E-06 -4.4831220E-03 -7.7735319E-01
  3.1750786E-08  5.1838345E+00  6.0944166E+02 -1.4079122E-06 -5.0696408E-03 -8.5722557E-01
  3.3059867E-08  5.3975633E+00  6.0464018E+02 -1.5839299E-06 -5.7072471E-03 -9.4349136E-01
  3.4368948E-08  5.6112922E+00  5.9970547E+02 -1.7730657E-06 -6.3964985E-03 -1.0361082E+00
  3.6136151E-08  5.8998169E+00  5.9464690E+02 -1.9743700E-06 -7.1351099E-03 -1.1346422E+00
  3.7903351E-08  6.1883411E+00  5.8764310E+02 -2.1720084E-06 -7.8758646E-03 -1.2326806E+00
  3.9670550E-08  6.4768654E+00  5.8047465E+02 -2.2601805E-06 -8.2067913E-03 -1.2759777E+00
  4.1437753E-08  6.7653901E+00  5.7319543E+02 -2.3536759E-06 -8.5596394E-03 -1.3216546E+00
  4.3204953E-08  7.0539143E+00  5.6587809E+02 -2.4435199E-06 -8.8999298E-03 -1.3652141E+00
  4.4972156E-08  7.3424391E+00  5.5861708E+02 -2.4579227E-06 -8.9900413E-03 -1.3764160E+00
  4.7087701E-08  7.6878364E+00  5.5152818E+02 -2.4927769E-06 -9.1416479E-03 -1.3952562E+00
  4.9203246E-08  8.0332336E+00  5.4345330E+02 -2.3470170E-06 -8.6144946E-03 -1.3301103E+00
  5.1318790E-08  8.3786308E+00  5.3604355E+02 -2.1684235E-06 -7.8997254E-03 -1.2434959E+00
  5.3434335E-08  8.7240280E+00  5.2949217E+02 -1.9833633E-06 -7.2281206E-03 -1.1620576E+00
  5.5549880E-08  9.0694253E+00  5.2391420E+02 -1.8106949E-06 -6.5983027E-03 -1.0864137E+00
  5.7665424E-08  9.4148225E+00  5.1932573E+02 -1.1480672E-06 -4.1620533E-03 -7.9785937E-01
  5.9780965E-08  9.7602191E+00  5.1565316E+02 -7.1801204E-07 -2.5288660E-03 -6.0638609E-01
  6.2322778E-08  1.0175212E+01  5.1276408E+02 -4.7422562E-07 -1.5756397E-03 -4.9573169E-01
  6.4864590E-08  1.0590204E+01  5.1011043E+02 -5.7980466E-07 -1.9765864E-03 -5.4183184E-01
  6.7406403E-08  1.1005196E+01  5.0810943E+02 -5.5208360E-07 -1.8478853E-03 -5.2721335E-01
  6.9948208E-08  1.1420188E+01  5.0655368E+02 -5.7638675E-07 -1.9600499E-03 -5.3954681E-01
  7.2490021E-08  1.1835180E+01  5.0529127E+02 -5.4872031E-07 -1.8349113E-03 -5.2535475E-01
  7.5031833E-08  1.2250172E+01  5.0421889E+02 -5.1879947E-07 -1.6967878E-03 -5.0975927E-01
  7.7573646E-08  1.2665165E+01  5.0326978E+02 -5.3835006E-07 -1.8377707E-03 -5.2412687E-01
  8.0426859E-08  1.3130998E+01  5.0240220E+02 -5.5239475E-07 -1.9559999E-03 -5.3582038E-01
  8.3280072E-08  1.3596832E+01  5.0149448E+02 -5.2029677E-07 -1.7369895E-03 -5.1315921E-01
  8.6133285E-08  1.4062666E+01  5.0063708E+02 -5.3606019E-07 -1.8716539E-03 -5.2639680E-01
  8.8986498E-08  1.4528499E+01  4.9981828E+02 -5.5026042E-07 -1.9933852E-03 -5.3832894E-01
  9.1839711E-08  1.4994333E+01  4.9903155E+02 -5.5720790E-07 -2.0485435E-03 -5.4377108E-01
  9.4692924E-08  1.5460167E+01  4.9827306E+02 -5.1663139E-07 -1.6557095E-03 -5.0591342E-01
  9.7546136E-08  1.5926000E+01  4.9754048E+02 -4.6550630E-07 -1.1547621E-03 -4.5783113E-01
  1.0039935E-07  1.6391834E+01  4.9683216E+02 -4.0967232E-07 -6.0607541E-04 -4.0528853E-01
  1.0325256E-07  1.6857667E+01  4.9614688E+02 -3.5598473E-07 -7.8305326E-05 -3.5483707E-01
  1.0610578E-07  1.7323501E+01  4.9548361E+02 -3.0769391E-07  3.9604853E-04 -3.0955749E-01
  1.0895899E-07  1.7789335E+01  4.9484141E+02 -2.6492724E-07  8.1548223E-04 -2.6956932E-01
  1.1202334E-07  1.8289640E+01  4.9421945E+02 -2.2705004E-07  1.1862244E-03 -2.3426194E-01
  1.1508769E-07  1.8789946E+01  4.9357308E+02 -1.8752286E-07  1.5679422E-03 -1.9789383E-01
  1.1815205E-07  1.9290252E+01  4.9294818E+02 -1.5221021E-07  1.9076938E-03 -1.6555111E-01
  1.2121640E-07  1.9790557E+01  4.9234384E+02 -1.2037741E-07  2.2127578E-03 -1.3653215E-01
  1.2428075E-07  2.0290863E+01  4.9175922E+02 -9.1545553E-08  2.4879656E-03 -1.1037123E-01
  1.2734511E-07  2.0791169E+01  4.9119349E+02 -6.5381791E-08  2.7367420E-03 -8.6737888E-02
  1.3040946E-07  2.1291475E+01  4.9064589E+02 -4.1644395E-08  2.9616261E-03 -6.5387439E-02
  1.3362902E-07  2.1817120E+01  4.9011570E+02 -3.2268316E-08  3.0563738E-03 -5.6474064E-02
  1.3684858E-07  2.2342766E+01  4.8957664E+02 -2.0943602E-08  3.1666996E-03 -4.6057944E-02
  1.4006813E-07  2.2868410E+01  4.8905528E+02 -1.0931503E-08  3.2641313E-03 -3.6866494E-02
  1.4328769E-07  2.3394056E+01  4.8855091E+02 -2.3702835E-09  3.3478153E-03 -2.8982797E-02
  1.4650725E-07  2.3919702E+01  4.8806287E+02  4.8189026E-09  3.4187008E-03 -2.2318069E-02
  1.4972680E-07  2.4445345E+01  4.8759053E+02  1.0748975E-08  3.4780248E-03 -1.6753867E-02
  1.5294636E-07  2.4970991E+01  4.8713331E+02  1.5922398E-08  3.5301941E-03 -1.1870747E-02
  1.5693627E-07  2.5622409E+01  4.8669066E+02  2.1129745E-08  3.5818486E-03 -7.0283109E-03
  1.6092617E-07  2.6273826E+01  4.8616153E+02  3.7047306E-08  3.7176688E-03  5.9417025E-03
  1.6491608E-07  2.6925244E+01  4.8565306E+02  4.0570329E-08  3.7587155E-03  9.7119600E-03
  1.6890598E-07  2.7576660E+01  4.8516440E+02  4.0493534E-08  3.7714478E-03  1.0751515E-02
  1.7289589E-07  2.8228079E+01  4.8469473E+02  3.7805117E-08  3.7641366E-03  9.8508080E-03
  1.7688579E-07  2.8879495E+01  4.8424330E+02  3.4485822E-08  3.7520619E-03  8.4943610E-03
  1.8087570E-07  2.9530913E+01  4.8380939E+02  3.2429700E-08  3.7479618E-03  7.9302084E-03
  1.8552324E-07  3.0289699E+01  4.8339235E+02  3.0478590E-08  3.7438629E-03  7.3818204E-03
  1.9017079E-07  3.1048488E+01  4.8292698E+02  3.3469645E-08  3.7739544E-03  1.0182220E-02
  1.9481832E-07  3.1807274E+01  4.8248268E+02  3.5695717E-08  3.7971714E-03  1.2327755E-02
  1.9946587E-07  3.2566062E+01  4.8205854E+02  3.6602056E-08  3.8106951E-03  1.3541043E-02
  2.0411341E-07  3.3324848E+01  4.8165372E+02  3.8055068E-08  3.8271343E-03  1.5052865E-02
  2.0876096E-07  3.4083637E+01  4.8126741E+02  3.9957198E-08  3.8457368E-03  1.6786529E-02
  2.1340851E-07  3.4842425E+01  4.8089881E+02  4.1747713E-08  3.8627974E-03  1.8374615E-02
  2.1865582E-07  3.5699134E+01  4.8054720E+02  4.2968022E-08  3.8754555E-03  1.9544141E-02
  2.2390314E-07  3.6555846E+01  4.8016973E+02  4.7379590E-08  3.9084044E-03  2.2715471E-02
  2.2915047E-07  3.7412557E+01  4.7981200E+02  5.2164657E-08  3.9430404E-03  2.6066047E-02
  2.3439778E-07  3.8269266E+01  4.7947308E+02  5.6669110E-08  3.9751818E-03  2.9180129E-02
  2.3964511E-07  3.9125978E+01  4.7915207E+02  6.0350933E-08  4.0014254E-03  3.1718147E-02
  2.4489242E-07  3.9982687E+01  4.7884810E+02  6.3135163E-08  4.0210153E-03  3.3617532E-02
  2.5013976E-07  4.0839401E+01  4.7856033E+02  6.5830896E-08  4.0398856E-03  3.5449064E-02
  2.5538707E-07  4.1696110E+01  4.7828798E+02  6.9751149E-08  4.0660043E-03  3.8002488E-02
  2.6063441E-07  4.2552824E+01  4.7803027E+02  7.3547360E-08  4.0910165E-03  4.0445958E-02
  2.6588172E-07  4.3409533E+01  4.7778648E+02  7.7227124E-08  4.1150194E-03  4.2795049E-02
  2.7112903E-07  4.4266243E+01  4.7755592E+02  8.0345011E-08  4.1352749E-03  4.4775850E-02
  2.7639644E-07  4.5126234E+01  4.7733790E+02  8.2426766E-08  4.1489498E-03  4.6110932E-02
  2.8166389E-07  4.5986231E+01  4.7713103E+02  8.3937675E-08  4.1591406E-03  4.7099993E-02
  2.8693130E-07  4.6846222E+01  4.7693553E+02  8.6338154E-08  4.1745694E-03  4.8610882E-02
  2.9219872E-07  4.7706214E+01  4.7675082E+02  8.8843036E-08  4.1905727E-03  5.0178170E-02
  2.9746613E-07  4.8566205E+01  4.7657634E+02  9.1751952E-08  4.2088760E-03  5.1973358E-02
  3.0273355E-07  4.9426197E+01  4.7641155E+02  9.4603049E-08  4.2267558E-03  5.3729102E-02
  3.0947827E-07  5.0527382E+01  4.7625594E+02  9.7332046E-08  4.2438015E-03  5.5402209E-02
  3.1622298E-07  5.1628567E+01  4.7606929E+02  1.0365601E-07  4.2828829E-03  5.9243267E-02
  3.2296767E-07  5.2729748E+01  4.7589592E+02  1.0979539E-07  4.3208009E-03  6.2968482E-02
  3.2971238E-07  5.3830933E+01  4.7573492E+02  1.1618353E-07  4.3598344E-03  6.6808231E-02
  3.3645710E-07  5.4932118E+01  4.7558543E+02  1.2247927E-07  4.3981928E-03  7.0583400E-02
  3.4320182E-07  5.6033303E+01  4.7544666E+02  1.3053591E-07  4.4468847E-03  7.5380696E-02
  3.4994650E-07  5.7134483E+01  4.7531787E+02  1.3661779E-07  4.4835658E-03  7.8993642E-02
  3.5815482E-07  5.8474625E+01  4.7519836E+02  1.4221595E-07  4.5172247E-03  8.2310532E-02
  3.6636311E-07  5.9814763E+01  4.7506447E+02  1.5299604E-07  4.5816515E-03  8.8663588E-02
  3.7457143E-07  6.1154905E+01  4.7494228E+02  1.6169136E-07  4.6334654E-03  9.3775751E-02
  3.8277973E-07  6.2495043E+01  4.7483078E+02  1.6970681E-07  4.6810753E-03  9.8473207E-02
  3.9098802E-07  6.3835181E+01  4.7472906E+02  1.7612900E-07  4.7191401E-03  1.0223000E-01
  3.9919634E-07  6.5175323E+01  4.7463628E+02  1.8103479E-07  4.7481580E-03  1.0509403E-01
  4.0740463E-07  6.6515461E+01  4.7455165E+02  1.8505701E-07  4.7718947E-03  1.0743614E-01
  4.1826737E-07  6.8288981E+01  4.7447449E+02  1.8609925E-07  4.7780924E-03  1.0804627E-01
  4.2913011E-07  7.0062501E+01  4.7438272E+02  1.9110200E-07  4.8075244E-03  1.1095232E-01
  4.3999286E-07  7.1836021E+01  4.7430152E+02  1.9409482E-07  4.8250928E-03  1.1268735E-01
  4.5085560E-07  7.3609541E+01  4.7422969E+02  1.9627711E-07  4.8378949E-03  1.1395161E-01
  4.6171831E-07  7.5383056E+01  4.7416616E+02  1.9754115E-07  4.8453046E-03  1.1468329E-01
  4.7258105E-07  7.7156577E+01  4.7410997E+02  1.9776197E-07  4.8465979E-03  1.1480922E-01
  4.8344382E-07  7.8930101E+01  4.7406027E+02  1.9869450E-07  4.8520354E-03  1.1534602E-01
  4.9650162E-07  8.1061999E+01  4.7401633E+02  1.9897374E-07  4.8536563E-03  1.1550644E-01
  5.0955941E-07  8.3193897E+01  4.7397019E+02  1.9941096E-07  4.8561845E-03  1.1575686E-01
  5.2261720E-07  8.5325796E+01  4.7393040E+02  1.9981892E-07  4.8585458E-03  1.1599040E-01
  5.3567500E-07  8.7457694E+01  4.7389609E+02  2.0014167E-07  4.8604139E-03  1.1617502E-01
  5.4873279E-07  8.9589592E+01  4.7386651E+02  2.0040296E-07  4.8619201E-03  1.1632384E-01
  5.6179059E-07  9.1721490E+01  4.7384101E+02  2.0064741E-07  4.8633327E-03  1.1646346E-01
  5.7484838E-07  9.3853388E+01  4.7381903E+02  2.0084417E-07  4.8644724E-03  1.1657623E-01
  5.9074967E-07  9.6449534E+01  4.7380008E+02  2.0097524E-07  4.8652127E-03  1.1664669E-01
  6.0665097E-07  9.9045680E+01  4.7378049E+02  2.0126618E-07  4.8668990E-03  1.1681311E-01
  6.2255232E-07  1.0164184E+02  4.7376415E+02  2.0147316E-07  4.8680997E-03  1.1693176E-01
  6.3845362E-07  1.0423798E+02  4.7375051E+02  2.0179826E-07  4.8699975E-03  1.1712092E-01
  6.5435491E-07  1.0683413E+02  4.7373911E+02  2.0207842E-07  4.8716125E-03  1.1727943E-01
  6.7025626E-07  1.0943028E+02  4.7372962E+02  2.0215610E-07  4.8720614E-03  1.1732361E-01
  6.8615756E-07  1.1202643E+02  4.7372170E+02  2.0221714E-07  4.8724156E-03  1.1735869E-01
  7.0604703E-07  1.1527371E+02  4.7371510E+02  2.0222087E-07  4.8724411E-03  1.1736169E-01
  7.2593651E-07  1.1852099E+02  4.7370835E+02  2.0227797E-07  4.8727667E-03  1.1739322E-01
  7.4582605E-07  1.2176829E+02  4.7370297E+02  2.0233902E-07  4.8731128E-03  1.1742650E-01
  7.6571553E-07  1.2501557E+02  4.7369867E+02  2.0237218E-07  4.8733083E-03  1.1744625E-01
  7.8560500E-07  1.2826285E+02  4.7369526E+02  2.0238218E-07  4.8733635E-03  1.1745136E-01
  8.0549454E-07  1.3151014E+02  4.7369254E+02  2.0238297E-07  4.8733515E-03  1.1744809E-01
  8.2538402E-07  1.3475742E+02  4.7369037E+02  2.0237797E-07  4.8733164E-03  1.1744383E-01
  8.5155688E-07  1.3903057E+02  4.7368865E+02  2.0237118E-07  4.8732699E-03  1.1743832E-01
  8.7772975E-07  1.4330372E+02  4.7368690E+02  2.0236507E-07  4.8732333E-03  1.1743452E-01
  9.0390262E-07  1.4757687E+02  4.7368560E+02  2.0235181E-07  4.8732028E-03  1.1743734E-01
  9.3007548E-07  1.5185002E+02  4.7368463E+02  2.0235488E-07  4.8731890E-03  1.1743199E-01
  9.5624829E-07  1.5612315E+02  4.7368391E+02  2.0235301E-07  4.8731768E-03  1.1743059E-01
  9.8242116E-07  1.6039630E+02  4.7368338E+02  2.0235486E-07  4.8731697E-03  1.1742765E-01
  1.0085940E-06  1.6466945E+02  4.7368298E+02  2.0235388E-07  4.8731637E-03  1.1742700E-01
  1.0403456E-06  1.6985341E+02  4.7368269E+02  2.0235252E-07  4.8731592E-03  1.1742698E-01
  1.0720971E-06  1.7503737E+02  4.7368243E+02  2.0235183E-07  4.8731565E-03  1.1742688E-01
  1.1038487E-06  1.8022133E+02  4.7368225E+02  2.0235159E-07  4.8731549E-03  1.1742668E-01
  1.1356001E-06  1.8540527E+02  4.7368212E+02  2.0235132E-07  4.8731537E-03  1.1742662E-01
  1.1673517E-06  1.9058923E+02  4.7368203E+02  2.0235124E-07  4.8731530E-03  1.1742653E-01
  1.1991032E-06  1.9577319E+02  4.7368197E+02  2.0235113E-07  4.8731526E-03  1.1742651E-01
  1.2249923E-06  2.0000000E+02  4.7368193E+02  2.0235110E-07  4.8731523E-03  1.1742647E-01
